3553	1	346
2219	3	2227
1471	13	1045
6022	11	247
6468	19	6469
3806	1	3807
1842	12	1848
6517	190	6518
5043	18	596
5533	13	5543
4072	19	1257
2749	18	2754
5419	1	5421
1867	13	1871
6088	18	6091
32	24	63
4241	10	4243
2632	13	2637
5809	40	1156
6695	9	6696
1814	9	11
6695	3	6702
3860	3	3872
6727	22	6732
4808	114	4810
4680	25	4682
5572	72	2949
4161	1	4165
5591	19	71
2198	12	2199
2661	31	2665
1270	25	1271
126	12	129
6123	224	6126
777	13	784
6513	20	71
6644	10	6650
1776	11	723
6690	13	4026
266	13	270
1825	10	1831
6279	124	6284
5624	1	5626
4450	116	4453
2956	11	2957
5053	13	4648
1228	72	516
716	10	731
3863	19	3864
4147	19	4148
2467	120	2473
6434	3	6442
5049	1	5052
4280	10	4285
5966	13	3052
4306	11	2785
524	20	527
660	3	665
5053	3	3887
6244	40	6249
1139	12	1140
5856	0	5857
5294	114	5298
6048	3	6056
951	29	954
2806	19	1257
4483	1	4486
4076	72	2532
6110	10	6112
4926	13	4930
6042	9	6046
3074	13	3077
1510	9	1512
1598	81	115
316	0	317
2229	1	2231
1270	23	1274
1835	13	1855
145	23	168
5683	13	1062
5114	142	5116
2147	13	2161
4986	13	3392
2314	1	2315
1447	78	2009
4368	13	4384
1628	1	1630
1992	10	1995
4980	142	1374
2194	3	2205
1456	10	1463
3239	11	535
455	13	470
5657	1	5659
2013	25	2013
2538	12	2543
3374	9	3375
4030	18	734
2095	12	2096
5969	12	1871
3710	11	3711
3187	107	3191
6482	11	339
940	9	2210
4939	1	4940
5229	139	5231
1083	19	536
1920	13	1925
817	24	836
1078	3	1092
2001	10	2003
2404	13	1076
2692	12	70
838	3	846
1435	12	1436
1870	12	1871
4262	12	1679
5767	10	5772
4396	27	4400
3502	1	3504
3150	20	3152
3823	10	3826
2207	72	399
3345	12	3351
3835	3	3848
3976	190	3979
4195	18	4201
3150	19	3151
6360	10	6363
4039	11	286
6146	12	397
5725	10	5728
1167	12	1171
5910	13	678
543	12	544
6738	89	3744
2028	23	2042
5996	13	2387
6066	175	2731
3374	10	5627
4777	19	4778
2273	0	2274
4401	18	4403
5683	45	5692
4726	25	4727
4632	13	4639
0	1	2
24	13	27
109	18	112
2579	10	2582
4558	12	4560
5199	3	5201
1201	167	6223
3424	192	3442
1857	3	1866
3113	9	3114
666	13	671
4457	25	4458
1927	1	1930
3674	78	3676
2561	162	2563
3108	9	3110
2564	10	2570
4721	190	4723
5132	72	36
6200	43	5053
225	114	2962
521	3	539
2023	0	2024
813	89	816
3587	12	137
2747	116	2748
4436	13	194
4227	3	4240
6022	19	6023
4105	189	3435
2248	12	2250
4531	18	4534
4298	12	2387
1115	13	1121
3835	13	3841
4998	70	5003
5532	19	1575
5531	12	1297
4732	29	1546
5962	19	1257
865	12	856
3572	19	3573
3999	9	4000
1085	19	1086
5609	219	5613
1570	18	1571
776	10	781
3187	1	3192
3557	10	3561
1078	13	1084
2890	9	2892
4680	10	4686
4966	13	4974
1831	12	1833
6513	9	6515
5532	12	1304
5979	10	5982
373	1	374
1112	11	1113
1390	13	1395
1173	12	1178
1375	10	11
375	10	380
5229	42	5232
1380	15	5395
6644	25	6645
1459	19	1460
6471	20	71
675	19	71
5934	22	5936
5609	219	2670
6183	11	1442
6305	20	6307
3473	12	3476
3408	132	3411
1195	13	1207
2615	10	2624
2229	3	2240
4359	12	4362
6261	13	6264
2001	1	6173
1097	13	1103
6221	1	6222
6749	12	5379
5207	13	2978
5416	1	5417
2532	52	5441
5	8	11
5966	13	1872
4649	25	4650
5153	12	5157
683	29	685
2132	1	2135
2021	124	3026
4811	169	4813
4161	10	4176
5466	0	5467
1066	9	1067
6265	18	887
180	19	181
2207	9	2209
3557	13	3089
2590	3	2599
6162	142	6167
5588	9	5589
236	29	240
5466	18	5477
743	15	469
5599	43	5053
6393	11	6394
2525	25	2526
3303	13	3308
6580	12	6582
3173	12	3148
1800	12	1801
3619	195	3622
5915	10	5918
5770	12	4579
2948	142	2952
2105	20	2107
2835	29	2836
6038	1	6039
169	25	176
297	44	302
5402	52	4374
3388	18	3390
4425	1	4427
1283	13	1293
6244	0	6245
5579	142	1380
4330	72	247
4685	11	2851
3706	78	3708
596	25	597
3731	19	287
3661	19	3662
588	80	247
1633	1	1635
1489	3	1493
1660	13	1667
1565	3	1579
5742	19	71
710	13	714
3008	13	3013
777	25	3121
3309	11	3310
3614	3	3616
4147	12	18
95	27	97
3863	12	3866
1828	12	1830
3292	13	3295
2018	1	2019
3850	13	3859
4018	29	4021
5355	0	5356
6625	189	1561
16	200	4789
3155	10	3164
2618	12	2622
2325	20	2327
3553	3	347
32	10	49
1149	10	725
5870	19	5871
1969	12	1970
5746	72	1070
266	43	275
5271	142	3748
5985	11	723
5508	116	5511
3479	3	3499
2092	11	1492
1070	81	11
3958	0	3959
5408	29	5409
5466	18	5484
433	13	444
2674	10	2682
5889	12	5891
2874	169	2877
4324	19	71
5555	12	5560
1705	15	1706
3473	19	1199
2346	13	2349
6360	3	6366
6004	12	692
6443	13	6450
2532	200	1213
1078	9	1081
897	98	898
3334	183	3335
1602	13	1605
2890	13	2895
1432	1	1434
2487	13	1303
3408	185	3415
3701	13	3706
3524	13	773
3680	9	3682
4768	13	4774
5114	13	4276
4540	72	399
987	1	989
246	12	250
1953	12	1955
5685	11	110
4894	72	339
888	11	286
1669	25	1670
4910	11	4911
3395	3	3406
5294	13	2968
49	18	51
3296	1	3299
3917	12	3674
5714	81	114
197	13	202
817	25	818
133	18	140
5777	108	5784
1097	9	1098
3108	1	3111
1410	12	70
1149	10	734
1370	72	1372
1931	12	1934
2658	1	334
5093	29	5097
2817	168	2819
6123	43	6124
669	12	182
4345	78	2347
6390	12	2118
4955	167	4958
2882	170	734
675	12	680
3881	11	1257
3327	12	3330
4461	11	247
4529	190	2349
2538	11	281
3479	10	3482
4749	19	4750
4384	15	3538
4289	9	4291
5579	142	1265
4478	13	4480
2455	13	2460
5530	12	1290
6507	1	6509
6557	13	2401
3804	11	725
1722	25	1723
2044	10	2048
987	13	997
5181	19	1199
5225	19	5227
2011	10	6190
5301	15	5302
2211	19	2212
2398	12	2401
1108	9	1109
1390	72	1392
596	13	621
3218	12	3219
4584	12	4587
3190	0	5463
3936	25	3937
3642	10	3645
2044	25	2045
1383	119	1385
6002	12	678
1887	11	247
3680	13	3685
1033	11	110
764	18	767
1195	13	773
2555	12	2559
5450	13	5461
3804	12	3805
133	35	144
293	9	295
4490	11	1300
3944	11	20
4289	10	4293
5066	72	339
6443	10	6451
2264	1	2265
4667	10	4673
1005	190	1009
1889	120	1892
6746	13	5379
813	1	814
2207	1	2208
4834	1	4836
2974	3	2976
3690	10	3694
4864	9	4867
3634	13	182
2682	19	2683
3377	19	3378
5029	27	5031
6256	25	6257
1149	10	1152
5313	40	5318
1143	1	1145
4550	1	4552
5294	13	5308
2982	10	2985
5670	29	5682
1058	19	1059
4705	10	4708
3198	9	3201
2204	76	5092
1344	13	1354
4950	143	4952
4458	13	4465
2021	121	3023
650	25	653
6575	12	6578
5685	20	5686
2901	13	2907
2549	1	2551
5005	1	5007
4664	11	69
6608	124	6615
5216	13	5222
5	4	7
2618	19	1464
6572	13	6584
1032	19	1035
596	13	614
710	29	712
1284	10	5532
4458	10	5501
3917	11	20
123	222	5927
2549	9	2550
3479	1	3481
3102	14	3102
4230	20	4232
4412	18	3009
5118	13	2402
3741	13	3744
2490	11	1300
216	19	207
2874	1	2875
4718	190	4719
6252	142	6258
875	11	110
1495	1	1500
1580	10	1584
1745	3	1749
4487	12	4489
4715	13	4724
5246	13	5248
6123	1	6125
3125	18	3129
4294	19	4296
4368	205	4372
1153	107	308
1284	13	1306
1344	23	1362
3874	50	723
5889	11	887
640	29	642
1277	1	374
6380	9	6383
3455	13	1679
5593	12	1174
2201	11	2202
5737	1	5739
5666	25	5668
6704	3	6707
6077	13	6081
3838	12	3841
2011	23	6199
355	10	359
2890	10	2896
4220	29	4225
3517	11	20
3251	10	3257
6586	3	6588
3168	15	3169
4621	78	4622
4220	116	4226
6511	11	184
5829	13	5839
5025	170	5028
5294	13	5301
2659	11	336
6029	1	6030
4014	23	4016
1344	13	1363
3706	25	3707
2935	10	2938
1515	25	1516
243	3	256
4458	13	4462
5500	12	4463
5466	1	5468
6608	25	6609
5380	10	5387
4138	25	4139
851	13	856
1568	11	1569
2772	11	20
4002	11	516
4592	11	594
2467	124	2480
4834	10	4841
3966	13	3971
177	9	178
2545	0	2546
2532	191	5448
4308	0	4309
6533	20	6535
1946	13	1952
3084	13	3089
3066	1	3071
2878	18	2880
998	18	995
348	1	351
4740	209	4741
6410	11	339
4581	10	4584
4457	13	4465
1076	121	2410
6737	27	6738
3289	1	3290
4186	12	4187
5533	10	5540
1850	11	1851
1411	19	1199
3876	13	182
6082	18	6088
1766	13	1774
4640	19	4642
16	200	26
3324	12	2039
4680	13	1383
6155	1	6156
4667	13	4233
6235	11	281
3634	13	678
2398	19	2399
1313	20	1320
5043	12	614
484	19	71
2805	18	2807
5966	3	5978
3860	10	3871
4800	154	4806
3292	72	1613
3345	18	3348
1965	1	1968
2964	42	2966
6232	10	6235
6601	43	6604
6709	12	6713
731	18	732
5109	43	5110
5829	9	5833
2658	9	333
2395	12	413
6344	121	6351
226	39	228
1644	13	1651
4512	3	4514
4913	23	4916
2640	23	2652
476	10	484
5950	190	5951
4673	12	4676
3770	121	3776
4322	1	4323
4257	12	4258
13	10	15
2325	11	339
3266	12	3267
921	12	45
5800	1	5807
2493	161	2504
1287	20	1289
5219	20	5221
5531	11	281
6580	19	6576
4734	72	4737
4352	3	4364
4303	25	4304
3701	3	3712
1732	1	1734
5505	72	2532
5944	1	5949
1284	13	1292
1803	12	1805
3954	170	247
2022	124	5644
1122	12	783
2368	3	2373
1732	10	1736
3808	9	333
1683	3	1693
375	10	391
1131	13	1137
2532	200	5445
177	20	187
1198	19	1199
3980	25	3981
4581	13	4594
5053	18	5058
4913	29	4915
5533	13	572
2092	12	2093
716	3	747
4926	25	4927
1920	3	519
650	25	656
751	40	754
4563	9	4566
4705	3	4714
3578	29	1236
3749	12	3750
5609	40	5614
446	68	448
2022	119	1817
6157	12	1447
3243	11	512
4022	13	4026
4161	25	4162
4777	12	4781
6557	104	6560
5174	10	5181
2264	13	2261
4705	13	4713
3052	15	3053
4851	9	913
6302	13	1395
6214	12	1447
3158	12	3161
5530	19	1288
1224	3	1226
4018	72	4019
737	11	738
2006	12	2008
5369	3	5373
3450	128	5876
6270	81	81
5904	147	5907
5132	132	71
5697	19	5698
2320	25	2321
6360	9	6361
3655	13	3659
6410	12	6411
5240	13	1445
1233	12	1238
455	25	474
6176	20	6178
3876	13	678
511	12	514
4035	10	4037
3799	9	725
5043	12	5047
5283	13	5288
433	9	435
4768	10	4771
1287	12	1291
5399	23	5401
2574	13	363
2574	1	2276
1785	18	1792
793	89	798
3220	11	20
4068	12	4070
4970	19	4972
3533	13	3541
3363	1	3365
2248	19	2249
2433	18	2440
257	40	262
6004	190	182
4261	12	4263
1131	9	1133
2963	9	1726
3940	10	3948
4084	78	4086
4536	18	4537
3626	1	3629
316	13	320
2387	229	6566
4355	11	339
2031	12	2032
983	18	981
3895	18	3900
5261	11	20
1769	18	1772
4892	25	482
2564	3	2573
6176	19	6177
4183	12	4184
1441	11	1442
3139	15	3140
4943	143	4946
4065	45	4075
3120	11	782
3575	12	481
1300	200	1868
267	3	5415
4035	13	4045
588	3	595
4245	9	4246
3669	25	3670
1842	12	1846
955	22	957
5533	13	5541
108	11	109
2749	18	2752
2827	13	1465
4431	42	4435
5885	19	1071
267	43	275
6088	18	6089
5118	3	5128
2698	23	2703
1073	11	516
2229	10	2236
808	47	811
1905	11	66
266	3	276
5728	12	5730
3686	12	3688
2192	12	2193
5020	114	5021
5966	13	1871
2330	12	337
4640	12	4645
6717	10	6722
4443	12	1296
1895	1	1897
970	9	973
5786	2	5790
1861	11	69
3901	24	3907
5159	12	5162
5377	27	5378
5685	19	1054
4457	3	4467
5809	142	5813
5992	29	5994
3572	11	339
6297	10	6300
6504	1	6505
5054	3	3887
1149	9	1150
4280	10	4283
1965	10	1972
1456	13	1466
3282	13	3287
987	13	991
4142	11	20
5466	18	1616
1709	32	1711
4180	10	4188
1198	12	1202
6232	9	6233
4970	12	2978
1953	20	1954
3751	20	3753
1516	25	1515
2105	11	360
4709	12	4711
5687	12	1062
2789	9	2791
6331	1	6333
909	9	81
1835	10	1842
6367	10	6370
3407	13	1498
1250	10	1256
3032	72	69
6644	23	6654
5165	25	5172
3876	3	3882
6683	9	6686
2467	160	2486
5683	13	1056
4873	9	12
5551	13	1297
5380	13	284
5856	29	5859
5294	23	5312
5453	12	5456
6088	18	6096
5136	29	5143
1454	11	1442
3701	13	997
508	10	511
588	9	590
4030	18	736
4837	37	4839
2018	13	2022
2070	12	2077
4848	11	4237
1299	12	1306
4245	1	4247
2444	78	4351
2624	12	2630
5591	12	5592
1078	1	1082
5213	78	5214
5620	3	5623
578	1	579
965	72	339
3569	1	3571
3045	29	3048
3175	10	3183
3055	72	2276
1203	19	71
5184	10	5189
4195	18	4203
2615	13	2627
1895	10	1899
5398	107	2635
2299	1	2301
4522	18	1070
1233	13	1230
3645	11	20
1879	22	895
1908	1	1911
1167	12	1169
2840	29	2843
2959	11	339
1058	12	877
3092	12	3094
5772	11	512
343	9	344
2001	38	2002
5960	18	5962
210	12	214
3835	9	3836
2126	72	339
3514	170	3517
2861	72	36
2674	13	2679
879	13	891
5150	13	5154
5861	23	4300
6312	1	6316
2368	13	2370
1283	13	1305
4105	18	66
5809	40	21
1570	19	1575
4970	12	4971
6355	227	6358
5770	11	516
2132	9	2134
2147	13	2154
4030	18	2949
1759	1	339
3728	13	2036
32	13	42
5599	3	5602
687	3	696
3863	11	1372
3745	10	3751
5593	11	281
4065	13	4073
156	36	157
1675	1	1677
1058	12	1061
987	3	996
716	85	748
2314	10	286
3674	167	997
4133	116	4136
4436	13	4445
5904	25	5905
3590	108	3592
4025	12	4026
739	12	745
3166	1	3167
6340	29	6342
1209	25	1210
3102	176	3106
122	19	124
2514	12	2517
6734	13	481
3888	13	482
2661	40	2668
1580	25	1581
6292	1	6294
348	10	352
865	12	858
1680	11	20
5825	1	5826
1462	25	364
1053	12	1057
799	9	801
3888	25	3889
4933	47	314
4065	20	4069
1550	13	270
2640	9	2641
2736	25	2740
3142	9	3143
4072	11	1113
3448	12	3450
5080	13	5082
1547	25	1549
6265	18	66
2674	13	2684
5431	119	1564
1294	12	1297
2229	25	2241
1283	13	1296
2303	25	283
4746	13	4751
6312	25	6315
2671	78	2672
1308	27	1312
3032	152	3034
3843	12	3847
375	10	382
2525	1	2529
4980	0	4981
3108	20	3112
4800	3	4805
4289	13	482
3598	29	3599
6305	12	1780
3008	10	3012
5805	15	5806
1195	13	1201
5572	120	5576
2632	1	2634
3908	10	3910
782	40	785
4006	78	4007
4661	3	4666
1097	13	1101
2935	3	2940
2948	1	2950
3339	3	3353
970	25	971
2299	10	2302
3155	13	1688
4418	10	4421
4390	18	4378
1835	9	1840
765	37	767
3966	1	3968
2914	3	2921
3809	25	3810
5562	19	5563
669	12	672
3381	10	3385
5316	18	5318
3379	19	71
5219	19	5220
6355	9	6356
3255	12	3256
1861	12	1863
5466	18	5479
3162	12	3163
1066	13	1072
1523	1	1525
4550	13	4560
5536	12	503
1814	119	1819
1570	18	1572
5527	65	5529
636	13	638
3749	11	69
4377	36	4378
1283	13	1295
5979	10	5985
6673	1	6682
2574	27	2576
366	1	368
650	9	657
6252	1	6259
6066	116	6068
4702	190	4703
4613	13	1447
1776	12	1779
5453	12	5455
3262	9	352
1390	9	1393
5670	9	5673
305	9	311
466	12	471
4499	10	4506
5866	10	5870
6176	11	1070
375	19	71
197	13	209
2451	1	809
2433	116	2437
151	18	158
1654	32	1658
2552	20	2553
3721	12	3725
3561	12	2733
2930	13	2932
2618	12	2620
5488	70	5489
5676	13	5679
1857	1	1860
1322	10	1330
1239	72	339
2982	3	2994
1766	10	1769
4390	18	4385
6066	1	6069
1030	13	1044
2317	13	2319
32	23	61
4749	11	16
5416	65	5418
6644	24	6657
3980	10	3985
2137	1	2138
3482	18	3492
5893	1	5894
5551	13	4447
3768	0	3769
4105	201	4132
3694	12	3695
5777	17	5783
5316	18	5321
5240	1	5242
5844	12	3242
4632	3	4646
5195	1	5196
1182	10	485
6050	12	6053
4834	13	4840
2310	1	2311
3321	10	3324
2775	25	2776
247	81	11
4138	10	4142
1884	10	1887
4515	143	4521
1606	130	1609
2682	11	36
1330	12	1332
6572	10	6580
2391	10	2398
19	11	20
401	55	406
5700	19	5701
3262	1	3263
4884	25	4887
4933	27	315
1758	1	2709
4346	204	4348
4771	11	16
2366	0	2367
4663	19	2693
2989	11	2990
4490	19	1071
4478	1	4482
2874	13	2876
817	93	833
5054	1	5056
1515	0	1517
5742	11	286
2794	72	339
4771	20	4773
1122	18	1123
1675	13	1681
6698	12	303
4996	11	339
793	90	796
6133	13	6144
3690	13	3697
3339	1	3342
5430	118	5431
970	13	985
4260	18	4262
1383	121	1387
1501	100	1507
940	1	939
912	1	914
4860	25	4862
3728	3	3736
3198	25	3199
596	24	627
455	10	466
4167	18	1152
3575	19	3576
3673	11	20
6558	12	421
719	18	720
3719	13	3725
5800	3	5808
1808	116	1809
6683	27	6688
6665	190	6668
3327	12	3328
3257	12	3258
4873	191	4880
440	12	441
5555	12	5559
1976	25	1981
716	13	745
3198	43	3203
3731	12	2039
3634	10	3638
1344	13	1351
6427	9	6428
3036	72	1326
1965	13	1973
934	29	936
3721	18	3723
2823	116	2826
1983	9	1986
4151	13	4156
4478	42	4479
5278	9	1608
4768	13	4781
6274	3	6277
6478	1	6481
2236	12	2238
496	13	502
1908	10	1912
596	13	619
6002	20	6003
608	12	619
5011	19	71
1325	19	1327
5150	3	5164
2099	1	2101
6754	107	1611
1527	3	1537
3239	12	3242
4177	120	6621
521	10	526
3989	1	3991
95	1	96
1471	13	1476
3669	13	3674
5786	29	5795
1188	110	1191
2186	0	2187
4254	9	4256
1927	3	1941
5237	27	5238
2277	1	2279
3162	11	66
1209	13	561
133	18	139
1675	10	1680
2555	12	2557
3860	13	3869
5144	9	5145
3509	25	3511
5457	12	5460
6387	10	6392
3482	12	3495
6475	11	20
3207	20	71
5670	182	5681
675	12	679
355	10	360
6547	190	1265
3762	23	3765
5910	0	5911
99	2	103
1946	13	1862
5118	9	5119
177	1	179
5103	25	5105
3823	3	3827
2615	13	2619
4996	12	2329
4943	214	4947
4326	19	71
2003	11	1070
1344	13	1352
3096	10	3099
3303	1	3305
2661	25	2663
2801	9	2803
3087	11	339
3467	1	3469
2281	43	1030
666	3	682
1344	9	1345
6572	13	6582
13	10	19
4917	25	99
332	3	342
5294	1	5295
4572	10	4574
6077	25	6078
6305	11	723
4986	13	482
4512	1	4513
4649	1	4653
3893	65	3894
2882	170	2889
5713	12	5719
5749	116	5752
6252	142	6256
1030	105	111
4641	81	352
2809	12	2811
4368	13	4375
5609	40	2668
6528	11	112
1444	11	535
5229	27	5236
3917	19	3918
4900	10	4904
776	13	785
3228	25	3229
1284	13	1304
2882	0	2883
4963	1	1998
358	12	365
2157	11	2158
126	19	127
1364	0	1365
3949	81	352
5521	10	5524
6725	9	6726
5283	1	5285
210	37	216
6504	72	1070
6754	107	6760
401	61	419
2022	167	5648
4506	19	1071
3638	11	69
3993	1	3996
3264	12	3265
3424	188	3432
838	10	842
5599	1	5600
3074	1	3076
2219	13	1265
2171	12	2161
5402	13	5404
5999	9	6000
6660	10	6665
6158	11	6159
5298	18	5301
5121	19	5122
1375	9	1377
4220	52	4223
5545	1	5546
6608	124	6616
2594	11	11
2510	13	2522
3669	13	3013
6695	1	6697
3863	12	329
1992	13	1679
3028	13	3030
2653	164	2655
99	29	104
2188	10	2191
2531	12	2534
5500	11	247
6443	1	6445
401	63	423
2028	13	2036
5189	12	5193
5551	10	5562
3408	119	670
2600	40	2608
5390	15	5391
4635	11	247
4276	25	4277
2021	132	3022
480	12	482
496	10	499
521	13	538
5043	72	5046
5424	10	5426
5313	27	2576
6344	25	6348
1284	13	1297
488	3	490
975	11	20
1463	12	1466
4094	12	4098
293	13	294
4030	18	1152
2181	12	2184
6427	10	6430
6211	10	6217
3424	191	3438
4619	12	4620
2674	9	1213
564	9	565
6754	161	6761
993	12	994
4663	11	286
3166	25	3171
1586	11	20
6704	13	6714
4959	29	4961
669	11	670
2233	72	1119
145	9	146
3345	18	3346
6190	12	6194
6312	3	6324
4412	18	3670
817	3	831
3563	12	3567
2582	11	594
1644	13	1649
3392	226	6289
1741	12	1743
2157	12	2160
6430	12	6431
6524	13	6449
666	10	675
716	86	749
3330	36	3400
5033	0	5034
6048	13	6053
2510	13	2515
267	40	270
3215	13	3222
1737	3	1744
145	10	148
3674	25	3675
1459	20	1461
636	29	639
3321	13	3330
1058	20	1060
5746	13	5748
5809	223	5822
5431	76	5438
1120	78	1620
3355	13	3356
5809	1	5812
5053	13	5057
5189	12	5190
684	25	683
3669	1	3672
5551	10	5555
6162	142	571
6543	0	6544
3084	9	3085
6146	12	6150
3444	10	3448
6443	9	6444
3966	29	2836
5061	108	5065
2267	142	2270
2277	25	2278
99	25	100
6406	9	6408
1284	13	1290
1741	11	1742
6183	12	6189
2081	13	482
3004	19	3005
1501	1	1502
1532	20	1533
763	12	773
5713	11	5714
1835	3	1854
2519	11	66
2322	10	4997
650	10	658
879	10	882
6211	10	6214
5579	42	5583
2011	1	6174
2224	40	2225
2089	13	2097
4825	11	36
4182	18	4186
6650	12	1484
1740	11	1070
1857	10	1864
2242	13	2250
6683	13	363
2624	19	2625
5710	11	20
2455	9	2461
1570	18	535
2721	12	2725
95	28	98
6015	20	6017
2086	12	481
4443	12	4446
608	19	617
476	13	486
4607	25	4608
2060	10	2070
4022	13	4028
1758	25	2716
888	12	889
3832	1	814
2782	72	2785
6157	11	1070
4194	18	4197
4063	199	4064
4050	13	137
2807	12	678
3673	12	3013
5848	12	5851
348	10	112
3282	25	3283
2140	19	2141
1950	20	1951
4379	36	4381
5344	11	394
266	42	273
1750	13	1755
3929	23	3935
937	1	939
3794	10	3798
5629	116	5631
4035	10	4039
1108	10	1112
5620	1	5621
940	13	413
1588	13	1594
2493	1	2495
5515	1	5520
6190	11	115
1149	10	740
3587	19	3588
2894	11	20
4661	1	4662
2352	1	2354
2525	13	2539
4856	11	4857
3533	13	3539
716	1	718
1444	12	1445
2081	13	2085
4581	13	4587
3424	18	3429
4613	25	4615
5225	12	2008
3677	11	3678
4997	11	336
3142	1	3144
2801	10	2809
5864	190	3460
4166	12	4173
3751	12	3748
6225	13	2508
398	53	81
1195	9	1196
3470	20	3471
3762	40	3766
6631	1	6634
1769	18	1770
2717	25	2718
970	3	984
4025	11	740
6734	9	6736
2855	12	2347
4709	12	4712
5749	1	5750
5979	3	5987
72	11	66
4607	124	4612
5431	132	5433
2579	3	2583
4087	12	3460
49	12	56
5466	47	5485
1146	25	1713
573	25	574
4873	25	4878
5956	10	5960
4635	12	4638
6026	12	593
6097	72	36
3248	19	3249
1842	12	1844
5533	13	5539
4705	13	4233
3680	3	3689
5893	13	5896
5308	15	5309
4365	116	4366
2967	36	5299
3634	3	3641
4030	11	2949
6440	11	110
3233	1	3234
6286	142	3392
65	10	72
205	20	71
1339	29	1341
1750	116	1752
6427	13	3148
3876	10	3879
687	9	688
5862	18	5863
3395	9	3396
6465	1	6467
658	11	516
4227	10	4230
6455	1	6456
1788	11	286
548	13	550
3467	3	3477
4340	13	4345
2099	13	2109
5150	1	5151
5159	12	5160
5540	12	572
1135	12	1138
3545	1	3550
480	11	20
3008	9	3010
5202	25	5203
1808	1	1812
2104	78	2113
5450	10	5453
1757	78	1138
1198	12	1200
2157	12	2159
3187	179	3194
4540	18	4543
5066	13	5073
236	13	238
1173	11	281
3545	13	3546
782	0	3122
499	11	500
3132	168	3134
4248	11	20
6367	10	6372
4352	13	4361
5863	19	4296
5969	12	5971
4973	12	4976
1118	11	1119
2717	94	2735
3004	11	1113
4837	11	36
3424	193	3443
2564	1	2566
5033	27	5035
2749	18	2751
5355	18	5361
4553	12	4556
6088	18	6094
5572	118	5575
200	19	201
3096	10	2224
4990	12	3460
3770	196	3775
4266	116	4269
1965	9	1967
2855	11	516
2538	12	2539
2137	13	877
2801	13	2810
3638	19	3639
4986	1	4987
2322	13	2329
2286	143	2290
2163	25	2164
4223	78	4224
524	12	528
35	19	40
2163	1	2166
955	13	959
1299	12	1304
5208	72	69
88	26	90
5683	25	1050
777	13	783
5829	25	5832
645	76	646
1983	13	1988
3940	13	3947
4010	78	4011
4828	13	1281
4986	13	4991
5674	13	5675
5207	1	2979
6660	24	6672
5809	40	5819
596	18	602
6019	3	6028
3173	11	112
5184	10	5187
232	4	234
2615	13	2629
659	11	512
3879	19	3880
5306	15	5307
4204	18	4207
6273	81	286
339	81	11
687	1	689
5530	11	66
5966	13	5974
2358	148	2363
4241	1	4242
3855	12	3857
4483	10	4490
6472	9	1051
2467	118	93
6384	1	6385
4680	10	4691
5150	13	5156
3650	11	339
5861	13	2958
4050	9	4051
4746	13	4752
1083	12	1084
3215	3	3224
759	1	762
3036	1	3038
2935	13	1996
109	18	116
4577	13	4579
4421	12	4423
5861	13	3460
3808	1	3811
601	1	603
2830	20	2831
2600	65	2603
4581	3	4595
6137	11	6138
3858	12	3859
1146	13	1715
455	13	465
6644	23	6656
3777	18	3780
1195	3	1208
4740	211	4743
5074	3	5079
4105	25	4107
5737	3	5745
3055	18	1321
4076	0	4077
5109	29	1546
5294	94	5297
6097	13	6081
1188	109	1190
1182	10	20
5005	9	5006
767	37	765
4025	12	4028
2352	9	2353
2011	18	5216
4397	124	4399
1501	42	1504
1111	11	247
6048	10	6049
1209	13	1214
1879	0	1880
2514	12	2515
4102	0	4103
6524	13	6531
316	9	319
6762	42	6764
4478	23	4481
6176	12	5222
2953	9	2954
3207	12	3213
6057	25	6059
5809	222	5818
6292	142	6295
4746	10	4749
6033	10	6036
266	1	269
66	52	560
4254	13	4258
1588	25	1590
3684	11	20
4808	0	4809
2419	0	2420
3578	1	3580
4777	20	4779
2615	1	2617
2736	25	2738
3917	20	3919
5351	147	5352
965	13	969
3012	12	3014
2882	29	2884
5737	13	5744
1283	13	1298
442	11	443
4053	20	4056
5661	142	5665
525	12	537
1527	9	1530
6608	154	6612
799	13	804
1495	25	1496
2028	29	2041
4697	13	4701
1718	1	1720
2600	18	2606
5325	12	1789
837	13	70
451	70	452
3879	11	1372
1501	107	1508
1515	13	1520
4401	18	794
5246	157	5252
5493	29	5494
3572	12	3574
1931	12	1936
4986	13	3460
169	13	174
2490	12	1303
3590	72	36
3809	25	3808
669	12	674
3655	29	3665
943	3	950
1300	112	4113
4749	12	4752
949	11	112
5466	18	5473
5367	116	5368
2211	20	2213
3174	20	3152
5274	142	1970
4687	154	4690
1814	119	1817
1131	10	1139
1570	18	1574
5721	142	110
1976	1	1977
4986	9	311
5910	13	182
2013	13	2015
6155	10	6157
5080	72	1326
970	1	974
4966	13	4971
2635	78	2636
2890	13	2898
3958	1	3960
1040	11	20
867	13	870
4973	12	4975
325	25	326
5202	13	5204
35	12	44
1449	10	1453
4412	143	4417
4260	11	339
4083	12	4084
2914	10	2917
6302	10	6305
297	13	304
5725	9	5726
5332	25	5334
4577	1	4578
335	12	337
6440	19	6441
923	18	925
316	23	324
1515	20	1522
3239	12	709
666	13	681
5109	13	5112
4151	9	85
6460	0	6461
1250	3	1260
1143	18	1147
504	11	505
3066	29	3067
1216	0	1217
6547	200	6553
864	13	857
2487	10	2491
4966	10	4973
5177	19	5178
4458	9	4459
1397	13	1395
4572	1	4573
5920	11	20
5380	9	5383
1093	29	1095
3733	20	3735
4443	19	4444
6644	24	6659
990	12	992
65	25	65
581	13	585
3871	18	887
3452	12	2793
578	79	580
4294	12	482
5960	190	2572
6050	12	6051
4913	9	4786
4834	13	4842
5466	18	5480
2567	19	2568
3825	11	723
4204	18	4208
1654	0	1655
5174	1	5176
76	3	87
5605	1	5607
3255	12	709
2013	1	2014
782	22	3124
4102	27	4104
4306	12	3449
6591	25	6595
3502	95	3502
4487	12	1484
5527	1	5528
5999	10	6002
830	11	670
4950	13	421
5996	1	5998
4884	25	4885
5841	1	5843
6752	11	840
5999	13	671
3598	27	1559
561	78	562
4661	25	3634
15	12	17
108	20	119
3087	12	3089
4014	191	4017
375	25	376
1776	12	1780
5431	124	5436
4091	9	4092
2267	1	2269
3876	24	2801
5540	12	5542
6019	9	6020
1220	3	1222
666	13	678
2999	13	3003
1908	12	1446
763	20	772
197	13	214
6019	13	1466
5015	18	5017
526	12	534
5940	1	5942
3690	13	3699
1555	27	1559
2022	160	5651
3339	13	3349
6520	0	6521
836	3	2695
3296	25	3298
1250	13	1259
1646	19	1648
1253	20	71
2925	1	2926
4439	12	4441
5405	15	3538
719	18	722
2245	11	512
2882	3	2888
3215	1	3217
2219	25	2220
3914	13	3920
3929	25	3931
4396	27	1559
2801	1	2804
1370	1	1373
4180	9	3877
1758	23	2713
6580	12	6584
2286	18	2292
1516	1	1518
716	13	743
6097	142	6106
232	8	11
5165	13	2637
1795	11	723
4396	29	3599
6232	1	6234
4080	1	4082
3398	11	339
2726	18	2727
4151	13	4158
5999	13	678
4629	12	1445
154	36	155
2904	19	2906
4691	190	4694
4851	10	4853
1256	20	1258
189	13	193
981	101	982
297	20	71
2462	121	2465
2451	70	2454
6155	13	6160
5208	13	5211
1167	19	1172
521	10	524
5216	10	5219
5208	143	5215
6591	120	6596
4283	20	4284
5501	18	1113
5922	12	5924
5934	13	5938
6487	207	6493
3614	13	3615
5961	19	71
3369	11	3370
1032	12	1038
4412	18	970
5018	25	5019
3860	13	3867
6292	3	6296
257	41	265
3374	1	3376
3183	19	3184
6183	19	6184
5399	1	5400
1456	9	1457
5341	11	382
6152	1	6153
1593	12	1595
1283	1	1286
4418	13	4423
1660	3	1668
4749	12	4751
3557	13	2733
4212	12	4215
4371	25	4368
6665	190	6667
4133	42	4137
5466	18	5470
476	25	477
742	169	4048
2299	9	2300
6229	27	6231
2451	18	740
6176	12	6179
32	20	58
4540	18	4549
2982	10	2989
2615	13	2621
1936	15	1937
5837	20	4144
425	54	428
2901	9	2902
2999	1	3001
6591	72	516
867	29	868
5740	20	71
5298	18	5304
6022	12	6024
2248	11	516
2549	3	2560
6533	12	6536
4177	72	3483
5877	29	5880
608	12	620
970	10	975
3135	13	3139
5666	13	1321
5786	25	5788
4950	13	22
4734	25	4735
5714	25	5715
2281	142	2285
1508	15	1509
3797	11	3796
5505	89	5507
5300	15	1706
197	10	210
1280	13	1281
666	13	182
2325	12	2329
3666	27	3668
1750	13	252
1494	13	1497
5551	13	5560
3455	9	3456
6704	9	6705
567	11	568
6200	3	6207
4970	11	66
4715	13	4720
1644	1	1645
5999	13	6006
786	1	787
977	12	978
145	1	147
1076	156	2417
4439	19	1257
5450	13	5454
906	9	907
1030	13	1037
2467	15	2483
4289	10	4298
5377	9	281
1593	11	339
2003	12	1447
4503	12	4505
4925	72	4310
2299	3	2309
4686	190	1383
2882	42	2885
5985	19	2723
3569	10	3575
2762	18	2763
2060	13	2068
759	13	506
4570	15	4571
1782	13	1790
3617	13	3619
5593	12	5595
716	13	729
2462	120	2464
3958	40	3965
3424	188	3434
3888	13	3891
838	10	844
105	13	130
1972	12	1973
4443	11	281
5402	13	5406
2175	10	2181
6252	25	6253
1498	78	1499
5999	13	692
3759	1	631
4161	3	4179
690	12	691
5588	13	5596
5620	13	5622
855	11	20
4845	10	4848
2624	11	281
1030	104	1048
1228	3	1232
5125	19	5126
4577	13	4505
4834	10	4837
3701	1	3704
1284	10	5531
5677	128	5678
763	12	506
4142	19	4143
2167	12	2154
3561	19	71
842	11	286
2600	40	2610
1898	12	1395
4368	13	4382
1728	72	1729
1934	15	1935
2117	9	2119
4483	13	2515
5533	13	503
697	13	704
1040	12	1043
2849	78	2850
1093	106	1096
6344	25	6346
3424	190	3436
2848	108	2852
745	15	472
2322	3	2332
1398	25	1399
3166	116	3170
3584	12	3574
6372	11	286
6704	3	6708
3339	25	3340
4913	25	4914
5737	13	2179
4406	13	4409
2060	13	2077
5956	3	5965
2499	19	2500
2022	167	5647
706	1	708
6704	13	6712
4558	20	71
6162	1	6171
5286	12	5289
6190	12	6192
1283	25	1284
4822	13	2635
4487	11	66
6384	29	1546
5332	10	5342
5184	1	5186
2065	12	2068
2870	168	2872
6334	20	6335
6559	12	2402
4314	170	4317
355	3	362
3850	29	3665
3713	10	3717
3985	12	3987
732	11	286
2253	1	2258
1797	13	1805
4243	11	723
4613	13	4623
2510	13	2517
2574	13	2578
169	27	173
2006	19	2007
5609	183	5619
5369	1	5371
4509	13	1168
3321	13	3328
5337	18	3490
5054	25	5053
3055	18	3059
6302	9	6303
3777	190	3785
3529	12	3530
5424	3	490
4873	187	4881
2358	25	2359
6146	12	6148
3084	13	3094
2391	13	2402
3043	15	5933
4450	25	4451
5037	0	5039
496	10	504
524	19	71
521	13	531
99	25	102
4330	1	4331
6082	222	6084
588	80	594
2294	13	2296
4959	1	4962
6183	12	6187
3473	20	3474
1695	13	1698
2384	1	2388
19	12	22
940	23	2218
3318	72	512
1570	12	1578
1920	10	1923
1489	9	1490
879	10	884
3313	18	3314
3343	12	2731
5579	3	5585
3174	11	20
4572	3	4576
3395	10	3398
4640	20	4643
2653	25	2656
2214	11	115
499	12	503
76	25	77
66	200	1213
293	1	296
1953	11	184
884	12	885
1364	117	1369
2901	1	2903
4371	13	4375
4558	12	481
4091	13	3256
3173	20	3147
5551	20	5567
1505	78	1506
693	12	695
817	24	95
4607	25	4610
6155	9	3924
893	13	896
3261	10	3266
555	77	558
5652	116	5654
888	12	891
49	12	53
564	1	566
706	9	707
5910	1	5913
1300	200	4115
1209	9	1213
3569	13	481
3607	0	3608
267	25	266
5457	19	5458
2151	12	2155
2999	3	3007
5184	9	5185
6042	25	6044
660	13	664
4314	169	4319
2564	13	1200
4227	13	4233
4587	25	4589
3655	13	3663
1874	20	1877
4161	13	4174
4308	142	4313
3912	12	2387
3082	170	516
316	1	318
4030	12	4033
4828	3	4833
3008	1	3011
3257	11	1113
526	11	516
4667	1	4669
3972	13	3975
3269	181	3276
4391	1	4392
375	10	384
1131	13	1140
4746	9	4747
4822	9	4823
793	89	794
2525	13	2537
3289	116	3291
3533	13	3537
2956	12	2387
2914	1	2916
4697	10	4700
4147	11	16
1444	12	1447
817	9	825
1253	19	71
4371	142	4384
5944	3	5955
837	13	182
6507	10	6511
859	12	861
2564	9	2565
5634	142	5637
3694	12	3013
3306	12	3307
5199	13	5200
3261	9	352
6640	65	6642
5274	1	5275
3239	12	1445
2214	19	2212
6232	13	5248
1912	12	1914
3910	11	20
3225	1	3226
918	1	920
3195	9	333
864	10	865
1588	1	1591
1256	12	1259
338	11	339
3142	13	3153
5037	130	5040
2853	10	2855
4483	13	1484
5419	13	5423
2564	13	2572
6211	13	6219
1527	10	1532
608	20	618
4575	12	4579
4873	25	4876
6446	12	6449
5337	18	4127
2894	12	2895
3876	9	3877
5885	11	723
5683	104	1064
5627	12	2049
3155	13	3160
6110	13	3213
2749	18	2756
2941	3	2944
2219	13	2225
5873	27	5874
6410	12	6414
6398	25	6400
4161	13	4177
6019	10	6026
2384	13	2387
1623	10	1624
6476	12	3436
6406	13	6412
4458	3	4467
16	25	4785
4670	19	4671
6019	13	365
225	26	3596
4105	119	4127
375	10	393
3940	13	3952
2935	1	2937
525	19	536
4018	1	4020
1283	10	1287
5742	19	5743
1135	12	1136
2151	11	2152
3669	10	3673
4047	169	4048
5893	9	5898
2089	9	2090
2586	0	2588
1808	18	1811
3908	3	3913
6019	13	6025
4540	18	4541
5332	13	5350
3373	3	3380
6547	31	6554
5588	13	1174
5132	121	4830
5090	29	5091
3452	11	3453
1660	1	1663
32	1	34
1282	78	6101
1931	18	1932
5877	116	5881
4324	11	3453
2028	1	2030
2178	11	723
5261	12	5262
4289	13	2958
886	11	887
2549	13	2554
2786	29	1546
5364	14	5364
4512	9	436
4192	18	4195
2867	29	1546
6088	18	6092
5572	118	5573
4926	1	4928
5547	3	5550
2809	19	2812
2611	29	2612
2941	1	2946
2687	0	2688
995	15	1000
3657	12	3659
2801	30	2815
4529	18	4531
32	3	57
6360	13	4084
524	12	530
1908	12	1914
1495	52	1498
1270	13	1276
325	3	328
3756	1	3758
5515	25	5517
1650	11	20
332	10	338
805	11	339
3236	1	3238
2768	10	2772
2317	1	2318
1085	12	1087
1686	12	1688
1997	11	1998
2433	18	2438
3269	18	3272
2590	9	2592
3455	10	3461
4815	1	4817
4195	18	4199
1797	23	1807
4667	13	4676
1550	127	1553
5524	11	512
1159	10	1162
3705	12	3706
1709	25	1710
1675	9	1676
5966	13	5976
1516	13	1520
1024	27	1029
4982	1	4983
1164	3	1180
606	19	71
4623	78	4624
5588	10	5591
4926	13	4929
5835	12	5836
2011	18	2001
4330	3	4339
2731	78	3354
4258	15	4259
3215	13	2895
1550	1	1551
1701	13	1707
4697	9	4698
1835	13	1852
3385	19	3387
4632	10	4640
32	13	46
4490	12	2515
5136	216	5141
5229	194	5235
6605	13	6618
2552	12	137
4379	15	4380
4080	13	3460
6344	124	6354
6478	25	6479
5326	12	3873
6507	9	6508
1961	116	1963
5551	3	5566
455	13	467
2455	0	2456
1927	13	1936
2659	12	337
438	11	439
1005	1	1006
1602	1	1604
32	9	33
1532	19	127
2671	25	1552
1404	13	1406
2687	27	2689
955	13	960
5322	1	5324
808	43	812
4080	13	4089
13	13	21
1299	12	1303
1076	124	2412
3777	174	3789
4209	1	4211
4401	72	339
2001	10	2006
5216	1	6172
719	12	729
2853	3	2860
3929	42	3934
1050	104	1064
4629	11	1070
3954	1	3956
5453	11	281
5125	12	2402
4209	143	4219
2423	40	2427
3823	10	3825
2504	23	4893
2111	3	2114
3458	11	20
6360	10	6364
716	10	719
3002	19	1071
2555	11	339
1263	115	1269
817	9	333
5527	72	247
4673	11	4674
5	5	8
5189	11	1794
5725	10	5731
3790	13	3793
6176	12	2005
2451	18	1152
4396	13	4397
6133	10	6136
5786	1	5791
3251	13	3259
4726	108	4731
3972	9	3974
3032	78	3035
2674	13	2680
2022	78	5650
716	9	717
4950	72	20
6734	13	3586
5364	116	5365
872	9	873
2430	1	2431
6334	19	1773
1644	3	1652
6547	22	6556
2299	10	2304
1879	40	93
1598	81	1601
4317	169	4319
799	13	806
109	18	115
2579	10	2581
1449	9	1451
266	25	267
32	13	55
2395	20	2397
5579	142	5390
5322	10	5326
470	15	469
4869	119	1385
2600	18	2604
4346	23	4349
4577	13	2250
1623	1	1627
5562	11	281
6279	72	69
4754	11	20
5187	19	4100
177	13	186
2144	20	2146
1097	13	1105
2692	19	2693
2564	10	2567
4982	9	4984
5043	18	488
5136	157	5138
5406	15	3538
3733	19	3734
3373	13	2039
2044	13	2050
2093	152	5087
3220	12	3223
6465	9	6466
739	12	742
4515	1	69
5488	1	5490
4531	18	4533
1209	13	1207
6133	13	6143
573	1	576
3701	10	3710
108	12	120
5125	20	5127
2938	12	1679
5466	18	5475
4138	10	4147
2704	9	2705
1617	116	1622
3324	12	3326
918	10	921
3520	18	3521
4515	0	4516
6495	25	6496
2747	13	2340
2867	25	2868
6015	19	6016
5419	13	2319
3777	178	3787
5066	9	5069
3828	84	3831
4355	12	4356
5280	15	5281
2144	19	2145
2487	9	2488
1489	10	359
3172	10	3173
2833	12	1465
133	26	135
5922	11	123
1173	12	1177
4819	1	4821
375	10	379
5737	10	5740
4254	20	71
6487	142	3356
32	13	56
4368	25	4371
5337	18	5338
4340	72	516
3055	15	3056
3850	9	3854
3598	27	3604
84	19	71
4680	13	4692
5705	3	5720
5749	29	5751
3473	12	3475
923	18	927
1758	10	2710
1024	102	1026
466	12	467
4105	192	4130
1195	13	1204
305	46	312
2294	29	2298
4808	72	1119
6698	12	304
151	18	162
5737	9	5738
6749	12	6750
5572	121	5578
3155	10	3162
552	1	554
4105	119	1817
1263	25	1266
80	12	83
3980	1	3983
5501	12	4466
6513	10	6519
1050	1	1052
2021	124	3025
3509	1	3513
3482	18	3488
4035	18	4041
2817	143	2820
4966	25	4967
2677	12	2681
5419	13	270
5688	78	5689
5466	18	5482
6564	12	6569
6012	11	339
1439	13	1446
3799	13	3803
2615	9	2616
4800	142	18
401	18	411
5144	1	779
3642	9	3643
6097	142	6103
6586	142	6589
1159	1	1161
6312	43	6317
5272	11	69
3598	18	3602
4262	12	4264
3701	9	3703
5999	10	6004
6524	104	6542
6072	65	6075
5944	10	5950
3162	19	71
1965	25	1966
6380	170	286
6738	72	247
5488	9	5491
1439	10	1444
3028	116	3029
3204	10	3207
4632	13	4644
2140	20	2142
35	12	43
2698	18	2701
2504	94	4890
4592	12	4594
6640	222	6641
1992	23	2000
951	25	952
2358	106	2365
2581	11	512
2794	9	2799
710	13	713
3871	18	66
5536	12	5539
243	10	246
666	13	672
4709	11	4710
442	12	444
4990	11	20
6200	170	6203
3557	13	3566
782	31	3123
1633	10	1636
3339	13	3351
6302	1	6304
1322	10	1333
5521	3	5526
5809	43	5815
6511	12	6512
2833	11	594
16	0	4784
5969	19	5970
3418	72	2295
6455	9	6457
3408	120	3410
1400	1	1403
6520	1	6523
2267	23	2272
719	18	724
2519	12	2521
1282	25	6100
2055	1	2058
2219	25	2222
2419	157	2422
3243	19	3244
2677	12	2678
2060	13	2080
1005	9	1007
4166	18	4170
5904	13	5909
2035	12	2036
605	11	339
6097	142	6104
4285	20	4287
5025	1	5027
2391	10	2395
5271	20	3753
5800	29	5801
5216	9	5217
2963	1	1725
1683	10	1690
5184	13	5191
4629	12	1447
545	12	546
4822	3	4827
5054	18	5058
3465	25	3362
1164	13	1170
3777	1	3778
3175	13	3185
2060	13	645
105	1	107
4330	142	4333
6042	1	6045
6605	13	4173
5246	216	5256
3393	11	20
3545	22	3551
5294	13	2967
4856	12	4858
6455	142	2224
1122	18	1126
5710	12	5712
1115	13	783
3908	9	1608
5426	11	339
1782	3	1796
6097	182	6109
4581	1	4583
5240	10	5243
4926	116	4932
2446	29	2449
601	3	610
6308	12	464
1857	13	1865
425	66	431
4953	52	4955
5189	19	71
2194	10	2198
243	9	244
6387	9	6388
68	19	71
6575	20	6577
3339	9	3341
5174	13	1168
3262	10	6209
5829	10	5835
3645	20	3647
4464	12	4466
3096	1	3098
1356	12	1359
2600	9	11
2374	25	2376
2717	13	2731
1270	29	1273
2455	13	2457
6626	170	2949
1992	13	1996
6664	19	2693
6557	13	2402
401	25	403
3198	1	3200
2615	13	2623
3818	9	3821
1322	9	1323
4567	152	4568
5944	10	5952
3155	3	3165
5453	19	1301
1347	12	1353
5184	13	5192
2398	12	2402
246	20	248
5683	1	5684
6572	13	6578
3334	65	3338
6533	12	6538
629	1	631
1938	12	1940
3363	10	3369
5714	25	5717
5882	13	5886
4053	12	4058
5066	1	5068
1489	10	1492
3444	25	3445
4283	12	3213
6533	12	6449
6709	18	6711
3269	23	3277
6566	228	2387
3690	25	3691
1383	76	1388
4715	13	4722
2660	12	341
4900	10	4908
3809	13	1534
6392	37	6390
5670	170	5674
2048	12	2050
1088	19	1090
909	29	910
6434	10	6440
3696	12	3697
1030	13	1039
5208	1	5210
2995	107	2998
1983	1	1985
3524	13	3530
3482	18	3485
1918	1	814
6528	12	3148
2789	13	2793
2964	142	2967
6644	9	6646
1253	11	1254
570	12	572
5979	13	1970
5889	19	71
5313	40	5317
6176	12	6180
4458	1	4460
4540	18	4546
2060	9	2063
4953	1	4954
4241	3	3165
4943	214	4948
6252	182	6260
2977	3	2981
446	70	450
596	10	608
4757	1	4759
1810	1	2846
2904	11	2905
6547	212	6555
4285	11	3208
401	59	416
4620	78	1230
2467	154	2478
2775	13	560
1992	3	1999
6547	200	1519
3408	25	3409
4233	78	4234
4834	10	4839
5325	18	66
3363	10	3366
5283	10	5286
4670	12	4672
2194	1	2197
555	13	560
6110	1	6111
6057	89	6061
3482	11	3483
5999	13	73
1737	10	1741
3204	1	3206
1383	120	1386
2525	10	2530
2003	12	2005
4900	10	4903
3790	1	3791
1769	19	1773
1397	27	2509
1383	118	1383
332	13	340
4828	1	4830
1920	1	1922
2948	52	2951
3178	19	3179
6720	190	6721
5666	25	5667
6077	13	6082
3884	1	3885
3838	12	3842
697	84	699
2823	29	2824
6229	147	6230
5147	25	5148
4550	10	4558
2762	18	2764
4406	13	4411
2060	13	2075
5774	1	809
5328	1	5329
4182	18	4183
3374	13	3325
3381	9	11
3374	3	3380
4627	78	4628
1610	120	81
2330	19	2331
4822	13	2637
189	13	191
166	36	167
5332	10	5340
1404	1	1407
2330	11	336
3158	12	1688
690	12	182
851	13	861
3261	1	3263
2325	19	2326
4492	25	4494
2870	1	2871
4613	13	4621
5103	52	5106
4245	13	4249
5725	13	5734
1010	1	36
6312	170	401
6162	25	6164
2304	37	2307
1014	23	1018
1076	152	2406
5020	22	5023
3289	72	20
2674	25	2675
5054	25	5055
3269	9	3271
4734	1	4739
1660	10	1664
4873	187	4883
5313	1	5314
5952	11	1070
3444	10	3452
6312	170	6319
2974	142	2975
687	10	693
1164	10	1173
2857	11	512
3936	1	3938
4050	3	4062
1040	12	1044
2510	25	2511
1560	13	1562
4849	11	217
961	25	963
3398	12	3401
1639	1	1640
5952	12	5954
4457	13	4466
6406	13	6416
4851	1	4852
6183	12	6185
398	9	400
3850	25	3851
1005	13	1008
6200	1	6205
6743	147	6745
5093	1	5095
257	1	259
5053	25	5055
879	10	886
5731	18	5733
1283	10	1299
3359	25	3362
5147	29	5149
1419	9	1422
1950	11	69
499	12	501
1076	25	2405
1766	3	1781
3373	1	3376
189	1	190
5562	12	1297
4740	27	4744
5208	0	5209
3303	3	3312
1814	116	1816
5666	52	1138
5693	1	5696
6376	78	2297
1164	1	1166
5960	12	5964
6211	9	6212
1527	13	1534
2417	15	2418
476	13	482
2874	72	20
4996	20	2327
3261	10	3264
3923	81	3924
4943	162	4945
4303	10	4306
49	12	55
6012	12	6014
2167	12	2170
5386	11	20
6225	27	6226
3537	15	3538
1479	25	1480
2151	12	2153
6221	9	4470
1419	1	1421
1014	13	1017
4603	11	247
4575	12	2250
5841	13	5851
4715	13	4719
6752	12	5249
4227	13	4235
4587	25	4591
5877	27	5879
6279	152	6280
425	65	430
5982	19	5983
2167	19	2169
1284	13	1295
3408	160	3417
4167	18	4168
1901	9	1903
2590	10	2597
940	3	2217
5243	12	1445
3269	181	3274
817	10	829
375	10	386
4053	198	485
4053	11	339
2525	13	2535
2941	171	2945
6035	11	281
6204	40	5504
4553	20	4555
6704	1	6706
817	9	823
2304	12	2308
3954	25	3955
645	82	647
4412	147	4413
4094	19	4095
305	27	315
6337	12	6338
5118	1	5120
4418	9	913
35	18	39
6617	190	4175
5532	20	1302
3917	12	3920
6640	142	2039
1850	12	1852
6608	25	4177
3581	13	3585
4326	20	71
1073	12	1076
3055	23	3062
2827	13	2832
504	12	506
5184	13	1170
2995	1	2997
2857	12	2858
3359	0	3360
5593	19	5594
3292	9	3294
6115	11	3208
1239	13	1243
4352	13	4356
4180	13	4184
1300	200	4116
803	11	788
1835	25	1837
1479	13	1487
2081	9	2082
5666	3	5669
4837	12	4838
6443	3	1587
4050	10	4053
6482	12	3436
6410	12	6412
1233	12	1237
1203	12	1206
3381	13	2387
65	10	68
1867	13	506
5202	70	5206
6406	13	6414
4245	10	4248
4529	18	4536
4250	12	4252
1108	10	1111
3082	3	3083
4986	10	4989
4839	37	4837
2922	142	2039
433	9	436
838	13	843
5772	12	4507
5533	3	5544
375	10	395
3496	11	2785
6274	72	399
2896	12	2898
508	10	515
5562	12	5564
4822	10	4826
3084	10	3092
105	10	126
257	40	261
4536	18	4538
763	19	768
1560	129	1561
3584	11	339
6133	1	6135
3895	18	3899
6754	107	6336
5029	29	5032
4461	12	4463
4529	147	4530
6278	13	6279
5697	11	516
2658	13	341
2674	1	2676
1253	12	1255
4708	11	2851
4099	12	1445
5700	11	1070
5767	13	4579
5956	10	5959
6364	12	5266
1835	13	1847
5283	3	5293
5966	10	5972
267	0	268
6176	37	6183
5533	13	5542
6305	19	6306
5551	9	5553
596	3	624
2840	1	69
6117	142	6120
4368	3	4388
5278	13	5280
5829	1	5834
5	7	10
5683	13	5688
943	10	947
5515	25	5519
6312	38	6313
4230	11	2851
1453	11	594
4266	13	4273
2600	25	2602
266	13	271
6279	124	6285
767	11	505
4091	13	1445
4084	167	3547
864	96	847
4412	18	3702
4581	13	364
3993	27	3995
2904	12	2908
6244	40	6248
1139	12	1141
4343	78	4344
4382	15	3538
1093	1	1094
4926	13	4931
4966	13	4977
3553	18	3554
152	36	153
5150	13	5160
515	19	517
3266	11	352
1598	81	112
2368	13	2372
4330	3	4337
4266	3	4268
1701	13	1705
2147	13	2160
3980	13	3987
32	13	44
5229	194	5233
3251	25	3252
3966	13	2856
3251	1	3254
2538	12	2542
5369	13	5374
1131	3	1142
2018	13	2021
6367	1	6369
3502	3	3508
817	24	837
6398	25	6399
6265	18	1794
4613	1	4617
4266	13	4270
4761	42	4765
4340	13	4343
6038	142	6040
5809	40	5820
3175	10	3178
1942	29	1945
2423	40	2425
16	188	4794
5150	10	5153
6487	1	6492
3607	27	3611
369	13	372
6591	36	6592
1889	118	1890
2044	9	2046
4966	9	4968
5841	23	5853
1050	10	1058
4204	1	3890
1915	19	1916
1786	11	1254
5966	13	5971
6229	107	182
4315	1	4316
6033	13	6037
4308	1	4311
3306	11	69
6327	19	6330
6057	9	6065
2391	3	2403
5870	18	2949
2358	20	2364
2093	81	11
6695	10	6699
3673	12	3674
5114	13	4270
305	13	309
6704	10	6715
3175	13	3182
109	18	113
2147	13	2159
3236	13	709
5093	25	5094
4185	11	887
3728	13	2039
32	13	53
6673	18	6681
3424	192	3441
2001	13	1447
1076	15	2415
1058	12	1062
1146	13	1716
6123	72	247
4600	10	4603
3768	68	1734
3374	13	2039
6137	12	6142
3036	0	3037
2775	108	2781
3379	12	3325
3719	3	3727
2060	3	2078
4418	10	4419
2935	13	1681
3809	1	3811
4884	1	1734
6340	72	69
1143	14	1143
401	58	415
4531	18	4535
6133	13	6141
4371	142	4382
2514	12	2518
2878	25	2879
5274	23	5276
6524	13	6536
5531	12	1298
6660	13	3052
2661	40	2667
1654	31	1656
865	12	857
918	10	923
4080	10	4087
776	10	780
5599	13	3744
3339	10	3343
4966	13	4975
5061	0	5062
1617	0	1618
1294	12	1298
4266	13	2450
5532	12	1303
5915	13	5923
1364	29	1367
1479	1	1483
35	12	48
5005	13	5010
6261	27	6263
6292	0	6293
1895	9	1896
865	11	20
3264	11	1070
1239	1	1242
4368	25	4369
5687	12	877
5380	25	5381
6660	25	6663
6002	190	678
3373	10	3379
243	10	251
66	112	436
2504	13	4892
3910	12	482
1195	13	1206
4869	72	4870
151	18	164
325	48	331
2909	11	782
1814	140	1822
4841	11	217
1097	13	1102
2126	25	2128
864	13	861
4314	29	4321
6699	20	6700
6302	13	464
6513	10	6517
4147	20	4149
4540	18	1248
4030	12	4031
2671	167	2673
4060	11	1089
5670	0	5671
3482	18	3490
4035	18	4043
4298	19	1199
3261	13	3267
6344	76	6350
5351	1	5354
2914	13	2918
3871	18	1794
4834	13	4838
5466	18	5476
6543	25	6545
3929	1	3932
3799	13	3805
3343	11	339
3569	9	3570
401	18	409
5165	3	5171
524	11	512
3303	13	3307
5387	194	5388
5219	11	1070
4607	119	1817
6586	142	6591
3533	17	3535
1965	3	1975
5165	217	4710
5380	13	5390
5533	1	5535
6507	3	69
6210	12	3267
4509	72	4511
5187	12	1484
1283	13	1292
2467	159	2485
401	19	407
35	12	41
4851	10	4856
596	25	598
2914	10	2920
2963	25	1723
4436	10	4439
1428	118	1429
1678	11	339
277	13	283
246	11	247
5593	20	5597
3178	20	3180
1471	10	1477
2084	12	2085
3690	9	3692
4035	9	286
1050	13	1056
1750	1	1751
4982	143	4985
1190	190	5498
2021	15	3024
4425	25	4430
6072	1	3065
6155	3	6161
3581	10	3584
16	200	4788
5144	116	5146
236	23	242
2102	11	1492
5848	19	5849
4697	1	4699
570	11	571
1347	11	1326
1250	13	1255
1602	9	1603
1969	12	1971
5159	190	5160
6130	22	6132
1823	43	1824
2830	12	2832
990	12	991
2594	12	2595
3914	9	3915
4933	100	4935
759	9	761
5225	11	5226
4105	119	4129
6130	72	36
5290	11	110
6451	19	6452
2467	152	2471
4166	18	4172
3661	11	788
5555	12	5561
5090	142	2204
3373	25	3374
4355	20	4358
1058	11	20
3524	10	3527
458	11	85
6312	142	421
1233	1	1234
1810	27	2845
1228	13	1230
5049	13	5050
6406	10	6410
2532	2	5441
5705	25	5707
4768	13	4775
3236	13	3246
5054	18	5060
4474	12	4475
1164	13	1168
5093	13	5099
221	12	224
5777	43	5782
1728	13	1731
2897	25	2900
3669	9	3671
2861	142	1281
4771	19	4772
4425	52	4428
5259	13	5266
1610	118	1611
1810	65	2844
4377	15	3538
3321	13	3325
6085	18	6086
2985	12	2988
4105	18	1300
1239	3	1244
5259	10	5261
277	1	279
133	18	141
3642	10	3650
5355	18	1519
1557	128	1558
855	12	858
2939	12	1996
1510	13	1513
5992	0	5993
526	37	525
882	12	883
581	13	583
6727	116	6731
5683	10	5685
3173	19	3146
4450	72	399
3976	1	3977
675	12	681
4371	0	4370
4065	1	4067
5132	25	5134
3125	178	3131
4853	11	36
739	11	740
3650	20	3652
2442	23	2443
2374	25	2378
4655	27	4656
2455	13	2459
4550	13	4557
2451	18	736
5777	1	5780
6103	15	4271
1097	3	1107
1793	11	1794
808	1	809
5861	9	4291
3278	119	3279
1786	12	1787
49	19	52
3993	9	3994
2044	10	2051
3049	29	3051
216	20	71
401	60	417
1965	13	1974
6727	100	6733
6737	23	6741
5431	154	5435
6211	13	1447
5982	12	5984
4664	19	4665
4768	13	4776
5043	25	5044
2023	1	2025
1164	13	1177
6415	190	6416
596	13	622
1938	11	1939
2493	13	2502
3564	81	352
65	13	70
2442	13	2444
1737	9	1738
2953	13	2958
3395	13	3330
5271	3	3754
6374	13	6376
6558	11	20
5551	13	5564
5674	13	2637
210	20	213
3418	13	191
3461	19	3462
6076	72	1119
5944	25	5946
5103	215	2322
2775	13	773
3617	9	3625
6665	19	6670
4908	11	4909
5536	11	66
5457	12	5459
373	52	372
4419	12	709
3524	13	3528
6465	10	6471
3500	1	809
3482	18	3487
6363	11	20
6557	1	2394
5132	119	1817
4811	13	4814
5410	1	5411
3172	9	3143
3626	9	3628
6717	3	6723
1050	10	1053
6176	12	6182
4540	18	4544
3832	13	1775
3737	1	3738
5960	12	2572
4705	10	4709
5688	167	5690
6631	175	6633
1344	13	1355
3145	19	3146
6575	12	6579
2689	89	1765
5588	13	5592
6608	124	6614
5657	3	5660
496	13	506
297	10	300
4550	13	482
4458	10	5500
65	13	73
5733	11	740
4301	1	1264
1901	10	1905
3139	72	3141
2531	12	2536
5865	19	1199
5332	13	1359
3912	12	2958
3164	11	887
5103	108	5107
0	2	3
6419	0	6420
6561	1	6562
1299	20	1302
65	9	66
6331	10	6337
3581	13	137
5246	13	5249
3125	18	3130
4917	169	226
3936	170	3939
4581	10	4592
6398	218	6403
5419	3	5422
2711	11	512
3068	78	3069
3461	20	3463
5959	19	71
3055	116	3057
2877	18	2874
3985	11	3986
965	3	966
1073	19	1074
4177	15	6622
3561	11	339
4998	1	5001
3838	12	3840
2011	23	6198
4715	9	4716
2762	18	2766
5355	1	5363
2060	13	2073
1770	12	1774
5777	20	5785
1580	1	1583
1782	13	1787
2922	1	2923
6704	13	6716
2999	9	3000
5174	13	2516
5742	19	5744
3055	1	3060
5885	12	5886
5298	18	2968
5882	10	5889
6190	12	6196
4483	3	4491
2567	12	1200
2462	72	339
515	11	516
4076	13	4078
4458	13	4463
5500	12	4462
5271	13	3748
6608	25	6610
5380	10	5386
4499	3	4508
6746	1	6747
1224	1	1225
1797	13	1801
6070	2	2731
5237	147	5239
5322	3	5327
2510	13	2521
5424	9	5429
3669	13	3014
2467	124	2481
3063	14	3063
4904	11	111
3569	13	3574
3424	189	3435
2304	37	2305
338	12	341
5959	190	1200
6561	81	11
567	12	560
2028	13	2039
6152	65	6154
3768	43	3771
6626	43	6628
5657	9	5658
2467	131	2469
3084	13	3090
6547	112	6551
6217	12	6219
2433	0	2434
6008	13	915
3228	1	3230
1867	13	1875
998	18	994
5174	13	5180
2253	70	2256
1588	9	1592
1927	25	1928
1766	13	1775
1610	72	1613
6601	170	247
1776	20	1778
2890	10	2894
4868	190	4869
879	10	888
3174	12	3153
4619	12	4623
4248	12	4249
3716	11	247
4303	1	4305
6501	1	6503
3251	10	3255
6620	13	6608
1523	9	1526
2022	72	1070
5298	18	2967
5568	1	5570
2236	11	1119
277	10	285
5088	1	2905
731	18	733
3079	42	3081
5355	170	110
5866	13	885
6746	13	6750
1325	20	1328
2310	70	2313
978	101	979
5555	198	5556
3686	11	3687
751	25	753
15	11	16
88	13	92
1758	25	2714
3418	0	3419
2273	81	11
4346	13	2444
3178	12	3181
4550	9	4551
1479	25	1482
1580	13	1585
3835	10	3843
5410	13	5412
1281	78	2864
5322	9	5323
4244	11	81
4839	11	206
3455	1	3457
1284	13	1293
5725	3	5736
3355	1	3357
3815	65	3817
5725	1	5727
1899	11	1794
3113	177	3117
343	1	346
2117	13	2118
3148	15	3149
6133	13	397
375	10	388
1920	10	1926
2640	95	2640
3832	13	3834
2525	13	2533
2532	200	5444
3642	13	3648
1256	19	1257
5904	27	5906
3324	11	339
3424	187	3431
5053	18	5059
817	9	821
4705	13	2849
5809	40	421
4933	9	311
2102	12	2104
2137	10	2140
4448	72	4449
5979	1	5981
6617	190	4173
398	1	399
1884	10	1888
5132	133	5131
348	25	354
2086	12	482
2055	29	2059
2333	10	81
5609	40	5615
5693	3	5703
4035	13	467
2175	13	2184
3794	1	3795
4845	10	4847
4022	13	4027
3944	12	3947
4749	20	4144
4705	13	4712
4845	3	4850
3158	12	3160
1610	132	1614
4340	25	4341
1131	25	1132
6022	12	365
2749	18	2760
4102	13	1871
5869	12	2179
2245	19	2246
2006	11	115
162	36	163
1203	12	1204
3587	11	1089
1864	11	184
4708	12	4233
1867	9	1868
2163	10	2171
6528	12	6531
1814	139	1820
2531	11	2532
3876	10	3881
1588	13	1597
251	19	253
285	19	287
2442	141	2445
290	1	292
5262	36	5263
6434	1	6436
1686	19	1687
6754	1	6757
4657	138	4659
4227	10	4236
1429	124	1431
105	13	121
2525	13	2540
266	13	272
3207	11	3208
4966	20	4979
4068	20	4069
2433	18	2441
3424	18	3430
5865	190	2387
2286	0	2287
257	40	263
4105	1	4109
3876	13	2810
759	13	769
3669	10	3677
2001	25	2010
6423	170	36
2031	12	2033
2982	13	2991
697	38	698
983	18	978
4308	9	723
6364	19	2693
6270	36	6271
3296	13	3301
3607	27	1559
463	15	462
5588	13	1170
3545	13	3548
4631	18	4623
1076	154	2411
4022	13	4032
1294	12	1295
3539	15	3540
5800	72	20
1870	20	1873
4180	13	4191
1842	12	1849
2749	18	2753
2391	9	2393
5809	0	5810
5882	10	5885
3479	9	3480
1737	13	1743
1050	9	1051
4412	13	3674
5861	13	4892
5652	1	5655
2214	20	2215
4280	13	3213
4680	25	4681
6737	13	6740
5728	12	5729
4439	11	66
5882	1	5884
6762	142	6765
5629	13	5630
4080	13	4084
2126	1	2129
3142	3	3154
5693	13	5699
4640	12	4644
777	13	785
4522	18	4527
6644	10	6651
232	9	235
5634	29	225
3470	12	3472
2532	1	5440
3326	36	3403
16	112	4786
1356	19	1357
1424	1	1425
2137	43	2132
4022	10	4025
1439	3	1448
2590	25	2591
6297	10	6301
4667	13	4672
837	13	678
1115	10	1122
5685	12	1056
1456	13	1467
6244	40	6250
236	1	241
4283	19	517
1390	27	1394
5705	13	5719
2658	10	2660
872	13	877
2782	27	2784
776	1	779
197	1	199
4768	3	4783
6211	1	6213
3381	3	3394
5150	13	5162
1032	18	1033
6557	3	2403
2171	19	2173
3575	11	1089
1644	20	1653
2314	29	2316
1835	13	1848
4102	13	3052
5551	13	1296
961	89	962
2552	11	1089
3303	25	3304
5740	19	5741
3655	3	3664
5184	3	5194
1287	11	66
455	13	471
5246	1	5258
4577	13	2247
1164	9	1165
2538	12	2540
5713	19	5718
987	9	311
4105	119	2990
5207	116	2980
6762	1	6763
2070	12	2076
3860	13	3873
446	69	449
1920	13	1924
1782	10	1795
2704	1	2706
2624	12	2629
4431	1	4434
6487	40	6491
5683	13	877
1411	11	1412
5054	13	5504
2532	0	5439
3334	27	3337
3345	12	3350
4195	18	4200
3444	3	3454
4412	1	20
2615	13	2626
3908	13	2387
4188	12	4189
5531	12	1295
4217	11	110
2801	3	2813
6302	13	1780
5899	0	5900
177	3	188
1167	12	1170
4180	10	4182
5966	13	5973
1400	71	1402
5290	20	5291
3392	124	6290
6513	13	1545
5136	27	5142
3545	3	3549
6626	1	6627
3374	10	5628
3408	72	339
4607	120	4611
5150	13	5155
1283	13	1304
4632	13	4638
3213	15	6113
2462	118	2463
1683	9	1684
1610	131	1612
5328	23	5331
4917	0	4918
5861	10	5865
2147	13	2153
5109	168	5113
6559	11	115
4558	12	4561
5114	3	5117
918	9	919
1020	0	1021
5800	13	5803
6660	13	6668
4030	19	71
4740	2	2233
4667	9	4668
1992	9	1993
2823	1	2825
5915	3	5926
1763	89	1765
3418	1	3420
4436	13	4446
508	1	510
4768	1	4770
6334	12	6336
4025	12	4027
2248	12	2251
6048	10	6050
3084	10	3087
284	15	5392
4176	11	3483
6133	13	6139
2514	12	2516
5531	12	1296
5979	13	5984
200	20	71
5966	13	4974
5861	3	4299
1404	13	678
5841	3	5852
6722	11	20
6057	206	6064
4065	3	4074
4761	43	4764
1474	12	1476
5760	170	5763
1078	13	1087
3448	12	3449
5020	190	4692
4289	25	4290
5532	12	1305
1294	12	1296
1250	20	1261
2314	10	66
1283	13	1303
4715	10	4721
4324	20	71
4138	13	17
375	10	383
4418	3	4424
4468	25	4469
1718	29	1719
864	1	854
4391	116	4395
6564	143	6571
5332	25	5336
4386	36	4387
3874	29	1546
3008	10	3015
2939	11	20
1195	13	1200
782	40	784
4359	12	4361
4587	78	591
1097	13	1100
2277	145	2280
4584	11	247
1695	1	1697
5387	12	5393
2532	52	5442
5153	12	5156
2035	19	513
719	12	727
724	11	725
6451	20	6453
1803	11	740
669	12	673
2953	1	2955
3261	13	3265
4371	142	4377
6162	142	6168
3458	12	3460
1115	13	1129
2147	10	2151
2137	13	1062
1050	23	1065
837	10	1410
5466	18	5478
1718	3	1721
1565	13	137
6337	19	2693
4166	18	4167
2525	25	2527
1066	3	1077
6580	12	6583
210	11	211
4550	13	4561
1800	12	1802
4192	25	4193
817	42	834
697	9	702
4986	20	4994
1770	12	1395
4022	3	4034
2086	11	2087
2493	13	2457
1650	12	1651
5915	13	5924
3798	11	85
5746	116	5747
1030	10	1040
277	9	278
4499	13	4505
2574	27	2577
35	12	47
4180	13	3490
6699	12	6701
433	3	445
1660	13	1666
4841	12	4843
4726	29	4730
72	12	74
4004	72	339
4828	25	4829
1874	12	1876
1568	12	137
5136	40	773
2496	20	2498
466	12	470
4506	11	512
425	25	426
197	13	208
4412	18	3914
3557	13	3562
1195	13	784
1884	1	1885
2618	12	2623
4099	12	3256
540	1	542
4966	10	4970
3879	12	2810
511	75	512
1030	13	1045
183	12	186
3102	1	3103
5844	19	5846
3980	10	3984
3150	12	3153
3444	13	3451
4421	11	4422
1078	10	1085
837	3	1414
4478	13	2450
1001	99	1004
5508	116	5512
6683	1	6687
3175	13	1952
6528	20	6530
5066	0	5067
1404	13	182
1701	29	1704
1209	9	436
837	1	1409
4664	12	182
2726	12	2731
6344	118	6345
2089	1	2091
2346	13	2348
5177	12	5180
5223	19	5224
433	10	442
3381	25	3383
5195	9	5197
2717	9	2719
6692	29	6693
5882	13	5888
3343	12	3344
3039	0	3040
2011	10	6176
5274	3	5277
719	19	726
6513	13	6518
3408	185	3414
6651	19	6652
280	11	281
4094	11	512
3587	12	2554
401	12	413
2374	151	2382
2188	1	2189
5753	1	5754
5999	3	6007
3084	3	3095
2615	10	2618
1669	25	1671
2060	20	2079
76	13	83
5208	13	5213
3944	20	3946
3120	12	783
5944	9	5948
5551	13	5559
2861	0	2863
1664	11	20
1313	10	1316
197	13	203
817	25	819
3444	13	2793
4900	20	4912
4920	29	4922
1153	23	1158
6432	12	3148
4297	19	768
4903	11	112
855	12	856
1182	25	1183
596	24	626
5246	27	5250
5683	10	5687
5399	13	2635
5956	9	5957
719	18	721
5591	11	66
1313	9	1314
2964	142	2968
3914	13	3927
4845	9	4846
6137	12	6144
6665	190	6669
3690	10	3696
3257	12	3259
6019	1	6021
1976	25	1982
2775	72	2777
5530	12	1291
4613	0	4614
2343	42	2345
6337	11	1248
16	119	4797
6217	11	6218
6636	70	6637
1228	1	1229
397	78	372
1216	113	1219
5588	1	5590
6717	9	6718
2121	23	2125
987	13	998
4322	3	4329
65	1	67
899	1	69
6097	3	6108
2487	13	1295
3721	18	3724
6279	132	6282
6419	2	6421
4204	42	4205
3251	3	3260
189	13	194
3631	19	1071
596	13	620
3690	1	3693
4632	10	4635
2717	10	2726
3536	78	1004
743	169	4048
5972	12	5974
1494	25	1495
5501	18	5502
3303	13	1855
3031	13	3032
6312	23	6326
5988	10	5991
5934	13	5937
6487	207	6494
4483	13	3052
5803	25	5804
5861	25	4290
4478	13	4270
3690	13	3695
2555	12	2558
2925	9	2927
3860	13	3870
970	13	983
3895	38	3896
5450	13	5460
4352	10	4359
3509	25	3510
2018	9	2020
5457	12	5461
3719	10	3721
1683	13	1692
1766	13	1779
1771	11	66
2194	10	2201
6387	10	6393
3482	12	3494
1005	190	1008
2366	141	339
6640	72	339
355	10	361
1782	10	1785
16	190	4796
4619	12	4627
3901	18	3903
5325	18	286
5103	25	5104
221	29	225
2352	20	2356
5165	70	5173
5508	13	182
5037	23	5042
3638	20	3640
4815	25	4816
564	10	567
1347	12	1350
6244	27	6247
6572	13	6583
1867	13	773
596	13	613
540	10	545
2632	23	2639
4950	13	21
5332	114	5337
197	10	205
6200	25	6201
3733	12	2036
6423	42	6424
6312	170	6320
3855	11	723
24	14	24
3066	25	3072
3321	182	3333
6524	10	6533
1250	1	1252
1284	13	1305
3158	19	3159
358	12	364
2930	23	2934
2953	13	2387
5521	10	5525
6387	10	6390
650	1	651
3392	225	11
2163	13	2170
6472	10	6475
745	169	4048
1415	0	1416
6727	0	6728
401	61	418
6123	142	5504
2022	167	5649
6727	29	6729
1782	13	1789
4913	1	3167
606	20	71
1030	9	11
3940	3	3953
3183	11	184
5829	13	5836
4600	1	4602
5294	13	5300
5109	1	5111
4474	37	571
5011	12	5013
6123	142	4647
3581	9	3582
660	13	321
5402	13	5405
3719	1	3720
5588	13	2523
5408	1	814
277	3	289
5271	13	3750
1646	11	1647
6660	10	6664
2901	3	2912
1097	1	1099
4705	9	4706
5298	18	5300
851	13	857
2013	13	2017
690	12	692
3215	10	3218
6533	19	6534
6221	142	1201
1915	12	1446
1617	13	1120
1814	9	887
915	25	916
2510	13	2523
5725	13	5730
4254	10	4257
4757	23	4760
3966	13	3970
5885	20	71
1397	13	2507
4254	13	1679
2531	12	2535
5246	0	5247
401	63	422
817	1	828
941	1	942
975	19	976
3175	3	3186
3455	3	3464
251	20	254
3598	13	3600
4522	0	4523
4368	13	4377
6692	72	4310
1946	13	1955
5609	94	5617
480	12	481
1479	9	436
521	13	533
1076	132	2409
1078	25	1079
6344	25	6349
1284	13	1298
5174	13	5182
6572	3	6585
3655	10	3657
3762	1	3763
1463	12	1467
6364	11	5265
1024	103	1028
5767	25	5768
480	19	483
2698	9	594
2163	13	2161
1660	25	1661
2242	3	2252
1313	13	1138
216	11	217
4436	13	1296
4619	12	4621
3884	3	3887
3395	10	3404
776	9	778
5043	12	613
3520	29	3523
993	12	995
2153	25	1265
1344	10	1347
2805	18	2806
6561	9	6563
5515	9	85
1538	100	1540
6709	12	6712
2117	23	2120
95	14	95
355	9	356
3554	9	3555
6029	116	6031
5705	10	5710
3958	94	3962
5609	40	5616
4352	9	4353
2175	13	2179
4245	13	4252
4180	1	4181
267	40	271
1316	12	1317
2835	1	2838
3809	13	3813
5195	3	5198
2467	119	1817
3980	3	3988
4705	13	4711
5922	19	5925
2653	0	2654
5809	223	5821
1879	31	36
2694	11	1254
2493	161	2505
2446	1	2448
918	20	933
5189	12	5191
4472	12	4473
3381	13	3392
1584	12	1585
4133	0	4134
5841	13	1445
2561	29	2562
4550	13	3891
3359	38	3361
1803	12	1804
5688	25	1061
5809	94	5817
1775	36	3833
5899	168	5902
2259	29	2263
1516	0	1517
3309	12	3311
5505	27	5366
2322	10	4996
3777	65	3788
1639	10	1642
1131	13	1138
817	43	832
3313	18	3317
4050	13	4057
2532	200	5446
5579	3	5586
6211	10	6215
4391	107	4394
2089	13	2096
4182	18	4185
66	200	4111
3999	10	4003
5271	10	5272
893	17	894
2985	12	2237
3860	10	3863
5809	29	5811
2021	173	226
1946	9	1948
2242	13	2251
2092	12	2094
1510	1	1511
1246	9	1248
1800	11	887
1825	13	1829
2395	12	421
4558	12	482
4661	10	4664
6110	3	6116
5910	13	5912
864	3	863
739	19	741
2201	12	2204
4443	12	4447
476	1	479
4431	0	4432
4661	9	3635
5240	3	5245
2060	10	2065
4022	13	4029
4161	25	4163
4613	108	4616
4777	12	4780
88	13	91
1835	1	1841
3183	12	3185
722	11	723
4194	18	4196
3590	131	3594
2909	12	785
2219	143	2228
2023	9	2027
6754	116	6756
3421	78	3422
1665	12	1666
1565	1	1567
2450	15	4272
2310	29	2312
6625	190	1562
866	11	226
4227	13	4238
4102	13	506
987	10	993
3514	1	3516
455	13	459
3269	180	3270
1330	11	387
189	9	196
1899	12	1900
543	11	374
4986	45	4993
5634	25	5635
3243	12	3247
5283	13	5289
2081	1	2083
765	11	766
5571	118	5572
1404	9	1405
5605	0	5606
1287	12	1290
1495	13	6638
2253	144	2257
4278	13	2118
2126	13	2130
4068	12	4071
4009	13	4010
2021	120	2020
3243	20	3245
817	9	826
105	10	122
5866	9	5867
2493	10	2496
675	20	677
2611	116	2613
3306	12	3308
1785	18	1788
1076	153	2407
243	1	245
1769	18	1771
1722	9	1726
864	10	866
5093	27	5102
6476	11	339
4709	12	4713
133	31	136
4631	18	4625
3666	25	3667
3809	9	333
1429	72	1119
3914	10	3917
2775	2	2780
777	10	3119
4563	1	4565
2504	1	4891
6501	89	6502
4180	13	4189
6446	12	6450
4635	12	4639
6423	72	36
3424	0	3426
5683	23	1065
6524	1	6527
1842	12	1847
3211	11	3212
4177	124	6623
5533	13	5538
1856	13	1855
2749	18	2759
1494	1	1500
4209	3	4218
1398	72	69
5866	3	5872
5532	11	1300
6200	142	3744
4834	3	4844
3940	1	3943
4035	3	4040
6528	12	6532
4060	12	137
6460	1	6464
5862	12	3460
1889	119	1385
6106	15	6107
2048	12	2039
6398	206	6405
2259	72	36
232	9	233
1825	10	1828
4080	13	1520
2099	13	2108
2022	132	5642
5159	12	5161
4289	13	2387
2660	11	339
6626	116	6629
4245	3	4253
6123	3	6127
1456	13	1465
5825	169	5828
1825	9	1826
4540	18	4542
4632	9	4633
236	13	239
2084	11	1089
1825	3	1834
1766	1	1768
6487	142	2731
4800	1	4802
5588	10	5593
1400	13	1401
5431	25	678
5972	19	71
879	13	885
4973	12	4977
5992	102	2275
2736	31	2741
4238	36	4239
5683	13	1057
5628	19	71
1814	0	1815
4368	182	4389
2549	13	2559
6427	13	6431
4553	12	4557
1277	25	1278
4065	13	4071
5572	118	5574
3366	11	339
2632	13	2635
6370	11	715
5025	170	11
5774	27	2509
1034	11	112
5332	43	145
955	13	958
1270	13	1275
4266	1	4267
1299	12	1305
1669	9	1672
515	12	518
6754	27	6758
4522	18	4528
496	3	507
6533	11	20
3517	12	3519
1983	13	1987
2969	3	2972
2358	1	2361
105	10	108
2817	1	2818
3467	10	3473
2111	3	2116
4195	18	4202
3607	29	3599
4966	1	4969
496	9	497
6683	29	6684
573	13	341
1686	37	1690
4204	18	4206
205	19	207
2232	12	2233
5488	113	5492
1167	12	1168
3661	12	3663
2181	18	1254
5966	13	5975
343	9	345
169	28	170
210	12	215
540	10	543
1835	10	1850
2674	13	2678
5150	13	5157
3117	12	3118
1283	13	1306
4746	13	4753
1398	107	900
4474	12	4442
6327	1	6328
5398	1	1387
109	18	117
2147	13	2155
4048	29	4049
4509	42	4510
5043	18	3578
605	19	612
6513	45	71
6557	13	413
4391	154	4393
5740	12	2179
1691	11	66
297	45	71
3876	1	3878
6660	13	6666
2545	9	2548
2909	19	2910
1735	11	339
4192	1	2851
1146	29	1546
4649	142	4652
4575	12	518
2333	1	2335
5431	121	5434
581	18	586
1997	12	1679
459	15	460
3178	12	1952
5136	157	5140
1432	9	1433
3187	43	3190
3940	25	3941
6575	19	6576
4025	12	4029
6072	2	6073
739	12	744
5015	142	773
3296	13	2444
4283	11	3212
923	11	924
1209	25	1211
3102	176	3107
3584	12	3585
4515	25	4517
4708	12	2849
6524	13	6532
5165	1	5166
1010	13	1011
5652	27	5656
3888	13	481
6057	25	6058
2022	120	5641
348	10	353
4209	10	4212
4894	25	4899
5693	10	5700
2188	13	2193
225	29	3597
3408	121	3412
1053	12	1056
1153	3	1157
4080	10	4083
358	11	247
521	1	523
3373	9	3375
666	10	669
3172	3	3154
5380	13	5393
5118	23	5130
2736	25	2739
3251	13	3256
965	13	968
6312	25	6314
2510	9	2512
3728	1	3730
1774	81	1254
2941	168	2943
6331	9	6332
5431	152	678
3759	25	3761
2021	119	1817
45	15	922
2982	1	2984
3901	29	3906
2358	9	2362
6236	12	6237
6363	12	4084
955	21	956
6137	12	6139
3908	10	3911
1842	11	69
1182	10	1185
66	200	435
3215	9	3216
838	25	839
4955	25	4956
1097	13	1106
5837	12	5839
2060	1	2064
455	3	473
4335	15	3538
1864	12	1865
3155	13	1689
5322	13	3873
2044	13	2053
4035	13	742
3321	13	2049
6266	225	11
3929	29	3933
76	1	79
1209	13	1200
2995	0	2996
5966	13	506
5316	18	5319
3701	10	3705
4371	142	4379
4749	12	4753
5944	13	5953
4285	19	4286
1861	12	1862
5466	18	5472
3004	12	3006
369	51	371
1737	13	1447
1969	11	66
2640	3	2647
731	18	737
3520	18	3522
1066	13	1075
3303	13	3311
6297	1	6298
1053	20	1055
1814	119	1818
1831	11	1832
2051	12	2053
1570	18	1573
3657	19	3658
3914	3	3928
3049	13	3052
813	92	815
5048	52	1715
2391	25	2392
660	13	363
3172	10	3174
1462	25	4585
3388	18	3389
4499	13	4507
2827	10	2833
35	12	45
1449	10	1454
6601	170	3718
6673	18	6679
4436	10	4443
759	10	770
943	1	945
4680	13	4695
5332	25	5335
4667	23	4679
2028	20	2038
3398	12	3330
2726	19	2729
2948	9	66
3444	9	3446
2211	11	20
709	25	4420
4412	18	987
2618	12	2621
864	13	858
6026	12	1466
3470	19	1199
2510	1	2513
5501	12	4465
2021	174	3027
401	54	405
2191	12	1329
851	3	863
2496	12	2457
581	13	584
5278	1	5279
4035	18	4044
1995	11	20
4834	13	4843
1287	12	502
1439	13	1443
2661	9	2669
5074	23	5078
629	9	632
4619	11	516
6344	119	1817
2229	13	2239
1555	29	1556
3261	25	3262
5915	10	5920
5841	10	5848
4522	13	4524
6591	25	6594
6754	0	6755
1344	1	1346
4322	10	4324
5687	19	1059
5841	13	3242
2147	9	2149
4613	10	4619
4884	25	4886
4632	13	4647
15	12	18
3087	12	3090
3236	13	3242
4142	20	4144
246	12	249
5377	13	5379
1953	12	1956
5431	124	5437
5540	12	5541
2901	13	1120
6203	40	3744
4314	25	4315
1895	13	1395
5777	25	5778
6586	25	6587
5605	65	5608
4053	198	4054
666	13	679
1050	13	1061
3381	1	3384
1675	3	1682
6019	13	1465
6200	170	6204
2322	13	337
6209	11	1070
5187	12	1169
4468	10	4474
3155	10	3158
6384	13	6386
6660	3	6671
4289	3	4299
1325	12	1329
2661	2	2671
4289	143	4300
2467	121	2475
872	1	874
4933	100	4936
3218	11	2897
1691	12	1692
5531	19	536
3914	13	3921
5551	25	5552
3198	20	3202
4022	9	4023
3929	25	3930
3132	1	3133
5829	10	5837
3108	0	3109
1972	11	723
2721	20	2723
799	25	800
2253	25	2254
5540	11	281
5294	9	5311
5555	12	5558
2717	13	2725
5294	42	5296
2286	18	2291
716	13	744
3871	18	286
4647	78	4648
316	3	323
581	27	582
1516	20	1638
1344	13	1350
1722	25	1724
987	13	992
1449	25	1450
1965	13	1970
5074	9	5077
4499	1	4502
4715	10	4718
3721	18	3722
4151	13	4157
1456	13	365
2939	12	1681
4691	190	4695
2236	12	2239
496	13	501
24	3	31
3680	1	3683
1066	1	1068
5848	20	5850
433	25	434
4138	3	4150
521	10	525
1209	23	1215
6605	9	4164
1322	13	1332
160	36	161
3393	19	694
4308	72	4310
1889	121	1893
488	1	489
1032	12	1037
2147	1	2150
133	18	138
3860	13	3868
3479	13	3494
4996	19	2326
5521	9	5522
5125	11	115
5121	12	413
3355	13	2800
6244	25	6246
4009	13	1498
6558	12	413
4705	1	4707
3561	12	3562
1857	9	1859
634	27	635
675	12	678
3496	12	3498
4212	12	4214
1263	13	1265
1143	9	333
1568	19	532
4619	12	4625
32	25	64
4091	3	4101
5187	11	66
1370	107	1374
1958	29	1960
6472	25	6473
464	15	462
1131	10	1135
4540	18	4548
5572	119	1564
401	25	404
2615	13	2620
6495	3	6500
2194	13	2203
1775	78	3833
5969	12	4974
1344	13	1359
4458	13	4466
4815	25	4818
6112	12	3213
1683	10	1686
2175	13	1259
5278	142	1681
145	3	149
759	23	775
5132	120	5135
3876	13	1008
5737	25	5737
6533	12	6537
3802	11	81
5786	25	5789
4572	10	4575
526	19	532
277	13	288
4142	12	4145
5525	11	516
1280	13	1282
5555	11	1300
4577	13	514
2801	168	2814
5861	1	4292
468	15	469
2105	12	2109
2809	12	2810
4368	13	4374
5755	1	5757
6557	13	421
6717	1	6719
4522	13	1447
4900	10	4905
5450	13	5455
776	13	784
5869	19	71
1146	72	1714
4412	70	4416
6038	72	36
3385	11	339
5835	11	85
1532	11	20
2710	11	247
918	45	932
4280	3	4288
5988	9	5989
5150	13	2849
281	52	572
1335	13	1337
5809	183	5823
2925	23	2929
716	13	730
3626	13	3632
540	9	541
3424	188	3433
4873	113	4879
937	9	938
16	212	4792
0	0	1
1344	13	1360
3461	12	1679
5402	13	5407
2175	10	2178
5627	12	3325
6279	119	1817
573	13	575
4161	3	4178
693	12	678
3215	10	3220
4845	10	4849
3102	175	3104
3135	25	3137
4080	9	4081
6711	11	1254
5243	11	535
3690	3	3700
5181	11	1300
6097	1	6098
2531	12	2533
2320	10	2325
5189	12	5192
697	25	700
4087	12	1520
5882	9	5883
545	75	388
3850	1	3853
3835	19	3849
2897	42	1308
6344	25	6347
1284	13	1296
4761	23	4766
1462	78	4586
1463	12	1465
6115	12	5154
6200	142	4333
2304	37	738
3502	9	3503
2786	13	2788
847	25	848
1076	119	1817
266	0	268
4900	1	4902
5634	1	5636
6460	25	6462
1565	10	1570
1879	40	1882
1078	10	1088
3470	11	69
6704	13	6713
3809	43	3812
2070	19	2072
4680	9	4683
4726	1	4729
3366	12	3368
5286	12	5288
6190	12	6195
6495	9	6497
4600	13	4605
3303	10	3309
1308	116	1310
1449	3	1455
4613	3	4630
16	212	4791
1299	11	1300
281	200	4119
5037	25	5038
6709	12	6714
2065	12	2069
3563	12	3566
3835	1	3837
246	19	71
866	12	862
6589	78	155
2430	65	2432
4468	1	4471
6364	20	6365
1650	19	71
6033	1	6034
1532	12	705
1797	13	1804
4670	11	2851
1920	9	1921
169	27	172
6162	25	6163
2896	11	2897
2848	2	2849
183	19	185
3321	13	3331
225	194	1005
2999	10	3002
4303	13	2793
1001	29	1003
3470	12	1862
5244	11	516
3529	12	3531
4458	23	5503
488	72	339
1356	20	1358
838	1	841
793	29	795
332	9	333
2391	13	2401
1322	1	1324
5	9	12
4661	13	182
1642	11	110
1675	10	1678
521	13	530
99	25	101
4322	13	4325
4004	1	4005
4734	0	4736
2294	13	2297
4457	13	4463
6746	9	6748
899	29	901
6559	19	2399
3901	42	3904
5591	12	1170
1010	29	1013
5177	11	66
1153	1	1155
1390	25	1397
251	11	252
3178	11	69
650	10	659
3313	18	3315
4050	13	4059
5579	3	5584
467	197	4047
3557	9	3559
4581	13	4593
4869	121	4872
2977	1	2979
2567	12	2569
6547	189	6550
5627	11	339
1053	19	1054
6692	143	6694
564	13	560
4371	13	4374
2721	12	2724
3794	9	3796
5572	72	715
4596	72	4597
2163	13	431
2549	10	2552
4443	12	4445
1527	1	1531
5334	1	6047
4382	36	4383
4607	25	4609
6102	15	4271
4022	13	4031
4777	12	4782
1378	23	1382
2188	9	2190
2264	13	2266
2532	113	5449
3142	10	3150
2081	10	2086
1300	200	4114
4529	72	516
5118	18	5129
5259	1	5260
226	40	229
2022	25	5639
2151	12	2156
3424	25	3427
4236	12	4238
5760	3	5766
1370	26	1371
4401	147	4404
355	1	357
4587	25	4588
455	13	461
3659	15	3660
994	15	999
5322	13	1789
4894	206	4897
2081	3	2088
4030	12	4032
1076	155	2414
1976	3	1980
2590	10	2594
6266	119	1564
4640	11	4641
458	12	463
2584	29	2585
1745	1	1747
3363	3	3372
2574	13	364
4509	13	2371
375	10	385
2261	78	2262
6631	42	6632
2525	13	2536
3533	13	3536
3642	13	3653
1444	12	1446
6539	11	352
5870	18	66
817	9	824
937	25	940
6471	11	20
476	44	487
1923	11	516
596	9	600
1680	12	1681
5313	116	5315
205	12	209
759	13	773
859	12	862
782	29	225
2794	70	2796
3581	13	3586
6232	13	5249
4661	10	4663
1912	12	1913
836	1	2691
4825	12	2635
2855	12	2856
5466	40	5487
1701	23	1702
4631	18	4627
5992	23	5995
3799	3	3801
3876	20	3883
6478	3	6486
4180	13	4187
1479	13	1484
4966	13	2988
1842	12	1845
281	112	4118
5873	13	3450
3976	29	3978
5136	0	5137
2749	18	2757
2897	72	1891
4553	11	339
5380	13	1380
1076	120	2408
4278	1	4279
4346	170	512
6398	25	6401
6589	167	6590
4715	1	4717
1623	10	1625
216	37	210
4937	142	4938
6406	13	6413
2451	18	85
4864	29	4865
4553	12	3460
4768	10	4777
6077	1	6080
3404	11	3405
588	13	593
6004	20	6005
5325	18	887
5956	13	1200
257	40	264
3392	154	6291
1135	12	1137
5114	72	1372
1115	10	1118
4607	72	339
2658	3	342
1808	18	1810
1198	12	1201
6019	13	6024
5066	13	5072
4673	19	4675
6746	13	6753
5866	13	2179
267	29	274
5387	190	5390
4697	3	4704
3545	13	3547
1961	1	1962
790	27	791
1931	18	1933
3958	3	3887
1598	81	110
4091	1	4093
4680	1	4684
1835	13	1844
4577	3	4580
1153	107	421
5061	22	5064
5966	10	5969
1020	9	1023
6437	19	6438
4613	22	4618
4180	3	4190
2549	13	2557
2749	18	2750
5355	18	5360
2953	3	2960
6088	18	6095
4680	3	4696
2178	20	71
2985	19	2986
2525	3	2544
3876	25	2814
2070	12	645
3745	142	3748
2801	13	2811
1335	1	1336
3634	1	3636
2322	13	2328
4280	13	3210
1908	12	1913
2055	0	2057
2775	29	2778
2304	37	734
5515	25	5516
6387	1	6389
5693	13	5702
3731	11	339
4496	89	4497
6355	72	6359
1983	13	1989
2953	10	2959
4266	13	4276
6265	18	286
2530	11	66
2320	1	2324
2433	18	2439
3269	18	3273
5271	25	3745
3455	10	3458
903	1	904
1209	1	1212
2615	13	2630
5150	10	5159
6209	12	3265
3828	23	3830
1538	125	1541
1159	10	1163
2232	12	2235
4025	20	71
4655	0	4658
5966	13	5977
3321	9	3322
1516	13	1521
2901	13	785
3855	12	3856
4230	19	4231
3557	1	3560
5551	13	506
3142	13	3148
5960	18	5961
4563	13	4567
1233	23	1235
3514	20	3518
918	3	931
4746	1	4748
6734	1	6735
4746	13	4755
1463	19	1464
3306	12	1855
6355	227	6357
145	13	151
3385	19	3386
3388	12	2387
6704	10	6709
1776	19	1777
66	113	4112
2178	12	2180
32	13	47
634	1	493
948	11	110
2901	10	2904
5555	12	506
2570	20	2571
205	11	206
2070	12	2075
3741	1	3743
4436	13	4442
6183	37	6176
0	3	4
4503	19	4504
2853	1	2854
4574	11	512
3713	1	3714
1814	9	115
3096	9	3097
5774	27	5776
6607	11	3483
719	12	730
4035	13	745
108	19	118
3563	11	3564
6112	20	6114
1527	13	120
4397	124	4398
4907	11	114
1228	42	1231
961	29	964
1463	20	71
2467	36	2484
3102	176	3105
5732	11	286
710	25	711
1364	25	1366
1014	1	1015
1419	0	1420
3079	72	516
777	9	778
4997	12	337
6430	11	20
6033	10	6035
943	9	944
1588	25	1589
4746	3	4756
733	11	734
2302	12	2303
2736	25	2737
3251	13	3258
3637	19	2693
4499	9	4501
1239	13	575
4819	9	4820
2674	13	2681
5774	25	5775
6608	154	6613
5568	13	431
1792	11	887
305	13	310
5861	10	5862
1220	1	1221
2147	13	2156
32	13	48
6152	52	6140
5322	10	5325
455	1	457
2600	18	2607
683	25	684
4950	13	1156
1782	9	1783
133	33	142
24	9	26
2175	9	2176
2510	3	2524
6137	12	6141
2336	0	2337
1515	13	1521
851	25	852
1097	13	1104
799	10	805
5136	157	5139
5740	11	723
6225	147	6228
32	10	35
970	25	972
1610	133	1616
1318	11	247
3424	190	1163
6478	10	6482
332	10	335
3043	78	3044
3220	12	3222
4390	18	4381
739	12	743
2028	9	2029
451	71	453
88	1	94
3321	1	3323
836	10	2694
3187	29	3189
4572	169	4577
2632	25	2633
5450	3	5462
5466	18	5474
3908	25	3909
4522	1	4526
3324	12	3325
731	18	739
4004	13	4006
2574	25	2575
6133	10	6145
3815	1	3816
5043	1	5045
3850	0	3852
4355	12	4357
4558	11	20
4105	188	4125
1339	65	1342
6572	9	6573
6070	169	6071
1283	13	1290
867	13	871
4973	12	4974
2336	9	2342
6524	3	6540
3002	11	594
4864	214	4866
6398	89	6404
4368	0	4370
6673	18	6677
5337	18	5339
6057	1	6062
6327	29	6329
3598	27	3605
3500	107	1970
4053	19	4055
5061	1	5063
4680	13	4693
1870	12	506
5410	29	5413
3444	1	3447
666	13	680
4105	192	4131
876	11	20
3721	12	3726
6547	200	6552
3527	12	773
5268	1	5269
2618	12	2619
3145	12	3148
3172	13	3153
4188	11	81
6008	3	6018
2487	10	2490
1958	0	1959
2281	1	2283
3655	9	3643
88	25	89
1763	138	814
3055	119	1817
2093	120	5085
1313	3	1319
3467	10	3470
977	19	980
6520	29	6522
4439	12	194
5972	190	5973
2499	12	2502
5466	18	5481
6564	12	6568
1439	13	1445
2175	1	2177
2089	3	2098
401	18	412
2229	13	2237
5074	25	5075
644	3	649
1270	1	1272
5915	10	5922
3039	29	3042
433	10	438
3524	10	3529
2111	13	252
5856	116	5858
3598	18	3601
6510	11	69
6367	9	6368
3296	13	2250
4322	10	4326
4800	145	4804
596	10	606
3125	25	3127
5545	13	182
2861	1	2865
4499	25	4500
903	9	905
5551	1	5554
5760	42	5765
4632	13	4645
3087	12	3088
2698	18	2700
1173	12	1175
4592	12	4593
2948	72	2949
4009	169	4012
3972	1	3973
3292	27	1394
72	19	71
6049	11	1113
770	11	500
5540	12	5543
277	13	284
5661	72	247
4138	9	4140
5304	15	5305
1683	1	1685
5536	12	5538
666	13	673
6660	9	6661
3863	12	3870
781	12	785
1050	3	1063
197	13	215
4099	11	535
2245	12	2247
5015	18	5016
5609	1	5612
3581	10	3587
4734	116	4738
6308	19	6309
6484	11	788
1899	19	513
3690	13	3698
970	13	986
4260	18	4261
3339	13	3350
4083	11	20
3296	25	3297
5088	25	5089
2594	12	2596
413	15	414
200	11	36
27	16	28
401	18	6323
6495	10	3437
867	1	869
2677	12	2679
573	72	339
5493	9	5495
2039	78	2040
2286	18	2293
716	13	742
6443	13	6454
3799	10	3802
5332	72	5345
508	9	509
1182	29	225
1076	72	516
1325	11	1326
6746	10	6752
3545	72	20
4939	13	4941
1683	10	1691
5387	12	284
6487	19	6489
4151	13	4159
4474	12	4476
5093	13	5100
1164	13	1171
777	1	779
5165	9	5167
267	40	272
2011	9	6175
970	10	977
1889	124	1894
6297	168	6299
6650	19	517
2188	10	2192
3823	1	3824
3261	3	3268
5037	9	3877
2985	12	2987
759	13	572
5777	0	5779
3392	120	6287
348	10	11
2126	0	2127
266	29	274
1167	11	66
6133	13	6150
1032	12	1039
3626	10	3631
4030	20	71
5652	0	5653
4939	29	4942
3860	13	3866
2969	142	2971
2807	19	2808
4853	12	4854
5450	13	5456
4352	10	4355
4333	78	4334
755	88	758
3239	19	3240
1683	13	1688
6558	19	2396
1593	12	1594
1695	25	1696
6665	190	6666
6547	0	6548
5731	12	471
4464	12	4465
6648	11	1300
2882	170	1248
6274	0	6275
2304	11	286
5863	11	20
2374	25	2377
2259	13	2261
844	11	845
3684	12	3685
6104	15	6105
2615	13	2622
5008	12	5010
3239	37	3248
1946	10	1950
3292	1	3293
2974	1	2970
755	87	757
482	36	4295
3645	19	3646
1118	12	1121
76	9	78
1347	12	1354
6434	13	6439
2827	10	2830
2821	1	2822
6022	12	6025
5153	11	439
1580	3	1587
401	26	402
786	3	789
2157	12	1381
608	12	621
3183	20	3180
3174	19	3151
1459	11	247
5882	13	5887
4053	12	4059
1053	11	110
6334	11	81
697	1	701
6446	11	20
1494	25	1496
5387	12	1380
2963	3	1727
5551	13	5561
1410	11	69
5755	218	5758
977	12	981
2660	12	340
3363	13	3368
366	3	367
1239	0	1240
2048	12	2049
1606	72	1607
3524	13	3531
4091	13	4098
3482	18	3484
5809	72	20
5165	13	5170
2789	13	2792
2985	11	1119
84	11	85
1523	0	1524
2491	12	1295
6478	13	3436
2299	13	2308
16	190	4795
6754	43	6759
5966	1	5968
2343	147	2344
6225	13	6227
4963	0	4964
1596	12	1597
3465	72	3466
716	13	728
5294	13	5304
2018	13	230
3366	12	3367
3802	12	3803
4177	154	6624
5687	20	1060
3717	11	3718
1432	10	1437
257	27	260
4943	214	4949
281	200	4120
5493	1	1119
6575	11	374
236	25	237
5705	10	5713
555	25	556
1625	11	20
5588	13	5595
4412	18	4414
3541	15	3542
5084	13	2093
4550	13	481
65	13	74
6390	19	6391
180	11	69
4700	12	4701
1808	43	1813
5972	12	5976
6057	89	6060
3777	190	3783
2028	13	2033
3922	19	3925
5416	72	1070
2555	20	2556
5408	142	1970
2525	10	2531
4303	13	3449
697	13	705
5915	9	5916
555	3	559
521	13	537
1516	9	1519
1927	10	1938
2140	12	877
2611	3	2614
3002	12	3003
4847	11	36
3172	1	3144
3363	13	3367
5579	22	5582
3424	190	3437
2065	11	2066
375	1	378
1153	0	1154
4280	9	4281
4604	11	1113
1040	19	1041
3655	10	3661
6717	13	6721
332	13	341
4094	12	4097
461	15	462
2827	3	2834
3745	23	3755
5268	3	5270
2304	37	736
511	19	513
2969	1	2970
4138	1	4141
3363	9	3364
2640	12	2649
5755	89	5756
5	6	9
2060	13	2076
1565	10	1568
2022	167	5646
2451	18	725
5174	13	2515
1030	42	1049
4406	1	4408
5355	43	5357
6190	12	6193
4065	9	4066
4412	18	3669
6564	0	6565
5332	10	5343
2499	20	2501
5899	9	5901
6559	12	2401
6451	12	6454
3713	10	3716
1250	9	1251
4834	9	4835
4454	70	4456
5627	19	3378
2175	13	2183
6524	13	3148
555	1	557
2510	13	2516
5049	116	5051
6036	12	6037
6015	11	535
940	13	2216
3741	29	3742
3321	13	3329
3520	72	339
2999	10	3004
3055	18	3058
3777	190	3784
4667	3	4678
3828	72	1119
133	25	134
2320	10	2330
482	36	3897
446	13	441
4873	187	4882
1946	13	1956
3084	13	3093
687	10	690
5889	20	5890
5402	1	5403
2821	142	2387
1543	29	1546
5721	1	5723
2093	15	5086
521	13	528
4553	12	3891
3832	29	910
1088	12	1091
1560	13	1563
6524	10	6539
1284	13	1303
5174	13	5179
5952	12	5953
6406	13	6417
1182	108	1187
3790	9	3792
2794	40	2800
2081	13	481
5533	10	5536
1695	13	1699
19	12	21
5969	190	506
375	20	71
6380	0	6381
739	20	746
5216	13	2008
5844	20	5847
285	11	286
5053	25	5054
6427	10	6432
5328	116	5330
872	10	875
4076	23	4079
2044	1	2047
2653	25	2657
6715	11	66
499	12	502
221	9	222
660	25	661
1857	10	1861
2242	13	2247
675	11	676
277	10	280
2065	19	2067
2398	11	115
4998	0	4999
3248	11	516
4099	19	4100
5848	11	512
588	1	589
629	25	633
476	10	480
3334	116	3336
3826	11	286
3028	1	69
6487	40	3356
5844	12	1445
1284	9	1285
6752	12	6753
2229	9	2230
5342	11	387
3914	10	3922
893	13	897
1463	11	594
1515	9	1519
3377	11	339
4303	10	4307
836	13	70
2081	10	2084
3914	13	3674
3178	12	3182
2151	12	2154
3424	25	3425
6673	0	6674
2001	13	2008
3282	25	3284
5770	19	5771
280	12	283
4587	25	4590
3395	13	3401
455	13	463
2003	19	2004
4161	13	4175
5093	116	5096
5837	11	723
458	12	461
3908	13	2958
1908	3	1917
4340	1	4342
4250	11	4251
817	10	830
375	10	387
2060	25	2062
2525	13	2534
1898	19	1777
1195	1	1197
3908	13	3460
1995	12	1996
3850	10	3855
4866	81	110
817	9	822
550	76	551
1108	3	1114
6507	10	6510
6393	19	6395
2909	12	1120
4732	13	4409
6123	3	6128
5634	9	5638
1432	3	1438
6239	25	6240
4825	12	2637
5181	12	2515
3175	1	3177
6110	13	5154
3398	19	3399
6162	3	6170
2857	12	2859
1722	3	1727
5223	11	1442
5796	1	5799
4352	13	4357
5174	10	5177
1527	10	1535
5264	11	5265
1580	9	1582
5915	1	5917
4873	25	4877
4236	11	4237
605	20	616
1782	1	1784
1835	25	1836
1479	13	1486
1842	12	1843
6695	19	6703
109	18	111
6566	36	6567
466	11	286
2219	13	2226
1810	22	2847
2917	12	2919
859	11	226
4194	18	3443
4815	72	20
1173	19	1179
6528	19	6529
1284	1	1286
6014	78	1545
4986	10	4988
5283	13	5292
3715	11	512
1550	13	1552
13	3	23
5054	13	4648
3563	19	3565
4483	9	4485
2099	13	2104
158	36	159
786	10	11
4822	10	4825
5929	116	5930
1942	1	1944
3940	10	3944
763	19	771
6210	11	352
2956	12	2958
5121	11	20
2968	15	5303
817	94	835
6762	3	6766
4478	13	3873
5332	13	5349
4186	11	66
180	12	70
4920	13	4924
4314	1	4316
4563	13	4570
5725	13	471
6266	18	6273
401	62	421
912	13	917
4746	13	1045
1250	10	1253
5011	11	5012
4522	13	3232
1835	13	1846
2374	149	2379
1131	1	1134
305	0	306
6605	13	6608
5355	18	5362
4303	9	4164
2242	10	2245
6088	18	6093
5332	0	5333
6301	11	110
1182	3	1186
609	81	115
776	25	777
2229	10	2232
1855	78	900
2147	3	2162
4955	78	4957
524	12	531
4894	1	4898
3948	12	3952
4105	187	4124
2624	12	2627
1797	3	1806
3770	76	3773
3645	12	3648
6650	11	66
1686	12	1689
4851	13	4855
1239	25	1241
3388	19	3391
5755	143	5759
3881	12	182
36	112	252
343	3	347
4195	18	4198
4869	120	4871
1188	111	1193
1527	10	108
2789	1	2790
3770	152	3772
1750	42	1753
4667	13	4677
720	11	85
2661	166	2670
3502	10	3506
4322	108	371
5670	1	5672
2099	9	2100
2510	10	2519
5037	162	5041
491	74	494
6513	25	6514
2637	78	2638
3954	3	3957
3617	18	3620
1598	81	113
3509	29	3512
1695	136	1700
4330	3	4338
2224	40	6459
1032	18	1034
5683	45	5691
1030	10	1032
5053	1	5056
6559	20	2400
1835	13	1853
1224	114	1227
465	15	462
24	13	28
4368	13	4386
4933	0	306
3063	1	3065
32	13	45
5229	194	5234
4600	3	4606
1308	1	1311
1992	10	1997
3373	13	2049
3966	13	2347
5800	13	5805
455	13	468
2835	142	2837
2099	10	2105
476	9	478
5609	168	5618
68	11	69
2070	12	2073
5568	9	5569
5862	18	5864
2198	12	2200
4254	45	71
4436	13	4440
4721	190	4724
13	13	18
1076	124	2413
2455	1	1891
5982	12	1970
6215	11	6216
369	1	370
5829	25	5830
1745	9	1748
5767	10	5770
5721	23	5724
3218	19	71
4396	27	2509
2423	40	2426
3345	12	3349
16	188	4793
2111	3	2115
1565	9	1566
2840	0	2842
5721	0	5722
636	9	637
3207	12	3210
4254	13	4263
6625	119	1564
4297	12	3460
5915	169	105
2682	12	2684
2882	9	2887
3607	18	3609
773	78	2779
525	12	538
3066	143	3070
6387	13	6397
6608	154	6611
5061	142	4687
2586	163	535
305	13	308
5540	19	1257
3838	11	723
3175	13	3181
4418	13	709
109	18	114
84	12	86
3450	15	5875
32	13	54
3381	13	3387
1339	0	1340
2600	18	2605
6427	1	6429
1146	13	1717
1477	20	1478
2099	10	2102
5809	23	5816
6266	18	1775
4068	19	71
3637	11	286
6137	12	6143
4933	13	4934
6077	3	3887
4966	13	1875
508	3	520
1397	9	1392
1570	20	1576
6380	1	6382
1797	10	1803
16	213	4799
4970	12	1875
4390	18	4383
6478	10	6484
1660	9	1662
1918	29	1919
6340	0	6341
1284	13	502
3881	12	678
3922	12	3927
4531	18	4532
5841	24	5855
1209	13	1204
836	10	2692
3381	10	3388
6524	13	6537
2147	10	2157
3418	13	3421
5271	9	3746
6631	23	6635
3287	15	3288
3808	13	1534
1188	25	1189
4209	10	4217
5693	10	5697
4359	20	4363
3828	116	3829
3910	12	3460
5271	1	3747
2941	22	2947
3557	10	3563
5760	170	5764
2941	1	2942
2867	1	2869
3552	27	2509
3524	1	3526
1691	19	1687
1115	9	1116
3318	22	3320
5005	13	5013
1173	12	1176
2561	22	1070
3045	1	3047
2532	188	5447
6081	78	6099
5033	147	5036
3228	29	3231
2089	10	2092
6008	10	6015
3236	10	3248
6673	18	6675
6190	20	71
1188	1	1192
6302	10	6308
5153	19	5158
2163	3	2174
923	18	926
1758	10	2711
1828	11	1119
1195	13	1205
1143	18	1148
5278	142	5282
5893	27	5895
2391	13	421
4632	1	4634
4274	128	4275
2930	13	2931
947	18	949
2992	11	2993
864	13	862
1898	11	1254
1263	25	1267
3155	13	1692
3634	9	3635
5153	12	5155
6211	3	6220
105	3	131
1280	1	36
1775	81	66
348	50	112
3482	18	3489
5074	1	5076
2882	116	2886
2677	12	2680
3278	72	512
3581	1	3583
5466	18	5483
851	10	855
4563	0	4564
1439	13	1447
864	9	853
4515	29	4520
1901	3	1907
4492	29	4493
401	18	410
5862	12	4892
5387	194	5389
1066	13	1076
5508	43	5510
6746	13	5249
6097	142	6102
2771	11	115
5841	10	5844
4649	9	4654
3598	18	3603
4094	20	4096
2956	172	2962
3874	22	3875
1722	1	1725
5841	13	3246
6008	25	6009
35	12	42
2698	18	2702
1030	3	1046
5313	114	5316
596	25	599
683	1	686
3236	10	3243
2963	25	1722
3282	9	3286
1419	13	1423
4317	29	4318
2194	25	2195
3158	11	81
6482	19	6483
5005	3	5014
5369	13	5376
1313	13	1317
1471	10	1474
3863	12	3868
1636	11	20
1050	13	1057
3850	13	3857
123	190	5923
1750	29	1754
5240	9	5241
2618	11	2532
3557	13	3567
4289	1	4292
151	18	154
605	12	614
1001	1	1002
5015	18	5018
4406	25	4407
16	200	4787
2178	12	1259
526	12	533
3339	13	3344
1950	12	1862
3392	132	6288
49	11	50
1857	13	1863
4920	1	4921
4230	12	4235
2487	3	2492
5286	11	20
759	9	760
2519	12	2520
5530	20	1289
401	18	6321
751	29	752
3617	27	3623
2882	170	725
5767	1	5769
4084	25	4085
2801	13	678
1759	29	1761
1678	12	1679
267	25	5414
4166	18	4171
1429	123	1430
5904	13	5908
6737	218	6739
5177	12	5179
1992	1	1994
3799	10	3804
2747	3	2767
6495	10	6499
3944	19	3945
4105	0	4108
122	20	125
2890	25	2891
348	25	350
5184	13	5190
3895	107	482
4629	12	1446
5705	25	5706
6601	25	6602
1283	9	1285
3236	13	3247
5054	18	5059
1164	13	1169
2579	1	2580
32	21	59
2467	124	2479
1673	1	1674
5246	216	5257
3032	25	3033
3813	36	5587
76	13	86
6085	18	6087
687	13	182
4457	10	4464
4492	9	4495
1182	1	1184
3701	13	3547
4499	10	4503
1923	12	1925
197	13	204
6133	13	6148
6008	1	6011
297	9	298
1216	9	1218
4105	18	281
4575	11	516
3479	13	3498
1190	1	5497
5918	20	5919
5114	13	5116
1182	10	115
2794	25	2798
6040	78	6041
2121	1	2123
5326	11	723
6200	142	6202
2853	20	71
1774	36	6272
2982	9	2983
3262	10	6210
6254	25	6255
2384	25	2390
1856	1	69
929	15	930
6048	1	6055
2736	9	2742
6344	154	6352
6300	11	20
2455	13	2458
5530	12	1292
6446	20	6448
5588	3	5598
2219	142	2224
5809	215	5824
596	23	625
484	12	486
200	12	204
4917	2	4919
4145	15	4146
2721	11	339
2346	29	2351
1383	72	1384
5355	170	112
4254	3	4265
5999	13	672
2692	19	517
2870	13	2039
1164	13	1178
3204	3	3214
6415	190	6417
596	13	623
2147	25	2148
6398	72	6402
5714	25	5716
2768	42	2769
3514	9	3515
4577	13	518
3690	13	3013
5530	12	502
5562	12	4447
6374	13	6377
2890	1	2893
4998	142	5000
1494	13	1498
6312	23	6325
6709	18	6710
4963	13	4965
4715	13	4723
2674	3	2686
5944	25	5947
6472	1	6474
6683	182	6689
6236	11	840
1489	1	1491
1030	13	1038
866	18	860
3008	25	3009
3482	18	3486
1527	25	1529
5165	13	5168
508	13	518
666	9	667
4468	9	4470
2964	1	2965
401	61	420
16	189	3435
4600	9	4601
2433	70	2436
2446	89	2450
5593	12	5596
6176	12	6181
5294	13	5306
3966	22	3969
602	3	611
4540	18	4547
1432	10	1435
2194	13	2204
105	13	129
1322	3	1334
281	200	4122
1884	9	1886
3524	3	3532
3039	1	3041
2514	11	1300
4308	52	4312
4384	36	4385
2726	18	2728
5121	12	5124
2467	132	2474
6331	13	6336
1415	1	1418
1644	9	1519
5547	142	5549
4307	12	2793
4613	13	4627
2181	18	66
3379	11	1070
297	10	301
4105	191	4126
3745	9	3746
2163	9	2165
3799	1	3800
183	11	184
555	13	561
3680	13	3688
5118	13	5124
5969	12	3052
3195	1	3196
1737	10	1740
2736	29	2744
5844	12	709
1115	1	1117
2496	11	20
6690	1	6691
4986	44	4992
5106	78	2328
4359	11	4360
899	99	900
3980	9	3982
2640	12	2651
4212	12	4216
2762	18	2765
2060	13	2074
4315	29	4321
847	3	850
3626	3	3633
5885	12	5887
3292	13	2507
5332	10	5341
4151	43	4154
6472	3	6477
1277	29	1279
3158	12	1689
4686	190	4688
851	13	862
2510	13	2518
2374	0	2375
2467	124	2482
5219	12	5222
5988	1	5990
2304	37	2306
338	12	340
1397	13	2508
3150	11	20
5259	13	5262
169	0	171
6117	3	6122
3296	3	3302
3017	25	3018
5630	220	5633
1250	23	1262
5355	29	5358
1660	10	1665
5786	222	5793
946	11	20
2717	3	2734
6460	29	6463
1456	3	1468
6146	12	6147
1246	43	1249
2467	131	2468
3084	13	3091
4777	11	20
5008	19	5009
2525	10	2538
1115	3	1128
4575	12	4505
1040	12	1045
4087	11	4088
3236	3	3250
5286	19	5287
6239	1	6241
458	12	464
1005	13	1009
2384	1	2385
4487	19	4488
5609	0	5610
3680	10	3686
3908	13	482
1570	12	1577
1701	1	1703
2121	107	2122
3706	167	3709
2878	116	2881
2692	11	69
3850	10	3858
4860	1	4863
644	13	645
5457	11	2532
4761	0	4762
5431	72	1372
5332	1	5346
564	13	572
4771	12	4774
1565	13	1577
2861	143	2866
4686	190	4687
5355	170	111
5693	9	5695
1284	3	1307
3958	108	3961
476	13	481
5264	12	5266
540	13	546
3809	13	3814
88	13	93
1758	25	2715
3074	29	3075
777	10	3120
5929	142	3043
6200	23	6208
49	12	54
3407	13	3408
5870	18	887
4604	12	4605
1411	12	678
76	10	80
5283	9	5284
1479	25	1481
1014	13	1016
6274	1	6276
4060	19	4061
4161	13	4173
6082	18	6085
2590	10	2598
4509	13	1484
458	12	459
763	12	769
1728	1	1730
3269	181	3275
375	10	389
3458	20	3459
1639	10	1641
4227	1	4229
859	18	860
3642	13	3649
2089	13	2093
4800	25	4801
2590	13	2596
4574	12	2247
3461	11	339
35	18	38
6617	190	4174
305	29	313
1646	12	1649
1850	12	1853
3292	13	1396
1825	13	1830
666	1	668
4303	3	3454
2023	3	2026
4352	1	4354
5809	42	5814
629	25	630
918	13	45
3701	25	3702
3074	13	92
2201	12	2203
4371	205	4372
5501	18	3939
2102	12	363
3871	19	71
2564	13	2569
1745	0	1746
4990	12	482
5796	1	5797
451	29	454
3808	25	3810
4192	202	36
2242	1	2244
3142	10	3145
4873	25	4875
3028	13	783
836	9	2690
1300	200	4117
1835	25	1838
2696	9	2697
2022	25	5640
2051	11	2052
6022	12	364
3155	13	3163
280	12	284
1927	10	1931
1284	13	773
2861	25	2862
4970	190	773
1203	12	1205
2044	3	2054
1547	1	247
3527	12	3528
5216	3	5228
4970	12	1293
6266	0	6267
2451	18	81
1256	11	723
2336	108	2339
4664	20	694
1654	29	1657
491	42	495
375	10	394
1149	10	736
4425	161	4426
105	13	120
5527	2	4587
3533	13	3543
4884	9	4888
690	19	71
5929	72	2532
4851	13	4858
1471	9	1472
3236	13	1445
1788	12	1789
2493	10	2499
4894	89	4895
68	12	70
4536	18	4539
1785	18	1791
1976	29	1978
3557	25	3558
4943	25	4944
1825	13	1833
375	9	377
2031	12	2034
2982	13	2988
6495	1	6498
13	1	14
3187	106	3193
2374	150	2381
5332	13	5347
5985	12	5986
4461	12	4462
2545	1	2547
3155	1	3157
2214	12	2216
1690	37	1686
4022	13	4033
4483	25	4484
2658	13	340
